w L
  1.000  43.167
  1.100  42.339
  1.200  41.584
  1.300  40.888
  1.400  40.245
  1.500  39.645
  1.600  39.085
  1.700  38.558
  1.800  38.062
  1.900  37.592
  2.000  37.147
  2.100  36.723
  2.200  36.319
  2.300  35.933
  2.400  35.563
  2.500  35.208
  2.600  34.868
  2.700  34.540
  2.800  35.841
  2.900  35.232
  3.000  34.643
  3.100  34.073
  3.200  33.494
  3.300  33.226
  3.400  32.967
  3.500  32.715
  3.600  32.471
  3.700  32.233
  3.800  32.001
  3.900  31.775
  4.000  31.556
  4.100  31.341
  4.200  31.132
  4.300  30.927
  4.400  30.728
  4.500  30.533
  4.600  30.342
  4.700  30.155
  4.800  29.972
  4.900  29.793
  5.000  29.617
  5.100  29.445
  5.200  29.277
  5.300  29.111
  5.400  28.949
  5.500  28.790
  5.600  28.633
  5.700  28.479
  5.800  28.328
  5.900  28.180
  6.000  28.034
  6.100  27.890
  6.200  27.749
  6.300  27.610
  6.400  27.473
  6.500  27.339
  6.600  27.206
  6.700  27.075
  6.800  26.947
  6.900  26.820
  7.000  26.695
  7.100  26.572
  7.200  26.450
  7.300  26.330
  7.400  26.212
  7.500  26.096
  7.600  25.981
  7.700  25.867
  7.800  25.755
  7.900  25.644
  8.000  25.535
  8.100  25.427
  8.200  25.321
  8.300  25.215
  8.400  25.111
  8.500  25.008
  8.600  24.907
  8.700  24.806
  8.800  24.707
  8.900  24.609
  9.000  24.512
  9.100  24.416
  9.200  24.321
  9.300  24.227
  9.400  24.134
  9.500  24.042
  9.600  23.951
  9.700  23.861
  9.800  23.772
  9.900  23.684
 10.000  23.597
 10.100  23.510
 10.200  23.425
 10.300  23.340
 10.400  23.256
 10.500  23.173
 10.600  23.091
 10.700  23.009
 10.800  22.928
 10.900  22.848
 11.000  22.769
 11.100  22.690
 11.200  22.612
 11.300  22.535
 11.400  22.459
 11.500  22.383
 11.600  22.308
 11.700  22.233
 11.800  22.159
 11.900  22.086
 12.000  22.013
 12.100  21.941
 12.200  21.870
 12.300  21.799
 12.400  21.728
 12.500  21.659
 12.600  21.589
 12.700  21.521
 12.800  21.453
 12.900  21.385
 13.000  21.318
 13.100  21.251
 13.200  21.185
 13.300  21.120
 13.400  21.055
 13.500  20.990
 13.600  20.926
 13.700  20.862
 13.800  20.799
 13.900  20.736
 14.000  20.674
 14.100  20.612
 14.200  20.551
 14.300  20.490
 14.400  20.430
 14.500  20.369
 14.600  20.310
 14.700  20.250
 14.800  20.192
 14.900  20.133
 15.000  20.075
 15.100  20.017
 15.200  19.960
 15.300  19.903
 15.400  19.846
 15.500  19.790
 15.600  19.734
 15.700  19.679
 15.800  19.624
 15.900  19.569
 16.000  19.514
 16.100  19.460
 16.200  19.406
 16.300  19.353
 16.400  19.300
 16.500  19.247
 16.600  19.195
 16.700  19.142
 16.800  19.091
 16.900  19.039
 17.000  18.988
 17.100  18.937
 17.200  18.886
 17.300  18.836
 17.400  18.786
 17.500  18.736
 17.600  18.687
 17.700  18.637
 17.800  18.588
 17.900  18.540
 18.000  18.491
 18.100  18.443
 18.200  18.395
 18.300  18.348
 18.400  18.300
 18.500  18.253
 18.600  18.207
 18.700  18.160
 18.800  18.114
 18.900  18.068
 19.000  18.022
 19.100  17.976
 19.200  17.931
 19.300  17.886
 19.400  17.841
 19.500  17.796
 19.600  17.752
 19.700  17.707
 19.800  17.663
 19.900  17.620
 20.000  17.576
 20.100  17.533
 20.200  17.490
 20.300  17.447
 20.400  17.404
 20.500  17.362
 20.600  17.319
 20.700  17.277
 20.800  17.236
 20.900  17.194
 21.000  17.152
 21.100  17.111
 21.200  17.070
 21.300  17.029
 21.400  16.989
 21.500  16.948
 21.600  16.908
 21.700  16.868
 21.800  16.828
 21.900  16.788
 22.000  16.748
 22.100  16.709
 22.200  16.670
 22.300  16.631
 22.400  16.592
 22.500  16.553
 22.600  16.515
 22.700  16.476
 22.800  16.438
 22.900  16.400
 23.000  16.362
 23.100  16.325
 23.200  16.287
 23.300  16.250
 23.400  16.212
 23.500  16.175
 23.600  16.139
 23.700  16.102
 23.800  16.065
 23.900  16.029
 24.000  15.993
 24.100  15.956
 24.200  15.920
 24.300  15.885
 24.400  15.849
 24.500  15.813
 24.600  15.778
 24.700  15.743
 24.800  15.708
 24.900  15.673
 25.000  15.638
 25.100  15.603
 25.200  15.569
 25.300  15.534
 25.400  15.500
 25.500  15.466
 25.600  15.432
 25.700  15.398
 25.800  15.364
 25.900  15.331
 26.000  15.297
 26.100  15.264
 26.200  15.231
 26.300  15.198
 26.400  15.165
 26.500  15.132
 26.600  15.099
 26.700  15.067
 26.800  15.034
 26.900  15.002
 27.000  14.970
 27.100  14.937
 27.200  14.905
 27.300  14.874
 27.400  14.842
 27.500  14.810
 27.600  14.779
 27.700  14.747
 27.800  14.716
 27.900  14.685
 28.000  14.654
 28.100  14.623
 28.200  14.592
 28.300  14.561
 28.400  14.530
 28.500  14.500
 28.600  14.469
 28.700  14.439
 28.800  14.409
 28.900  14.379
 29.000  14.349
 29.100  14.319
 29.200  14.289
 29.300  14.259
 29.400  14.230
 29.500  14.200
 29.600  14.171
 29.700  14.142
 29.800  14.112
 29.900  14.083
 30.000  14.054
 30.100  14.025
 30.200  13.997
 30.300  13.968
 30.400  13.939
 30.500  13.911
 30.600  13.882
 30.700  13.854
 30.800  13.826
 30.900  13.798
 31.000  13.770
 31.100  13.742
 31.200  13.714
 31.300  13.686
 31.400  13.658
 31.500  13.631
 31.600  13.603
 31.700  13.576
 31.800  13.548
 31.900  13.521
 32.000  13.494
 32.100  13.467
 32.200  13.440
 32.300  13.413
 32.400  13.386
 32.500  13.359
 32.600  13.332
 32.700  13.306
 32.800  13.279
 32.900  13.253
 33.000  13.226
 33.100  13.200
 33.200  13.174
 33.300  13.148
 33.400  13.122
 33.500  13.096
 33.600  13.070
 33.700  13.044
 33.800  13.018
 33.900  12.993
 34.000  12.967
 34.100  12.942
 34.200  12.916
 34.300  12.891
 34.400  12.866
 34.500  12.840
 34.600  12.815
 34.700  12.790
 34.800  12.765
 34.900  12.740
 35.000  12.715
 35.100  12.691
 35.200  12.666
 35.300  12.641
 35.400  12.617
 35.500  12.592
 35.600  12.568
 35.700  12.543
 35.800  12.519
 35.900  12.495
 36.000  12.471
 36.100  12.447
 36.200  12.423
 36.300  12.399
 36.400  12.375
 36.500  12.351
 36.600  12.327
 36.700  12.303
 36.800  12.280
 36.900  12.256
 37.000  12.233
 37.100  12.209
 37.200  12.186
 37.300  12.163
 37.400  12.139
 37.500  12.116
 37.600  12.093
 37.700  12.070
 37.800  12.047
 37.900  12.024
 38.000  12.001
 38.100  11.978
 38.200  11.956
 38.300  11.933
 38.400  11.910
 38.500  11.888
 38.600  11.865
 38.700  11.843
 38.800  11.820
 38.900  11.798
 39.000  11.775
 39.100  11.753
 39.200  11.731
 39.300  11.709
 39.400  11.687
 39.500  11.665
 39.600  11.643
 39.700  11.621
 39.800  11.599
 39.900  11.577
 40.000  11.556
 40.100  11.534
 40.200  11.512
 40.300  11.491
 40.400  11.469
 40.500  11.448
 40.600  11.426
 40.700  11.405
 40.800  11.384
 40.900  11.362
 41.000  11.341
 41.100  11.320
 41.200  11.299
 41.300  11.278
 41.400  11.257
 41.500  11.236
 41.600  11.215
 41.700  11.194
 41.800  11.173
 41.900  11.152
 42.000  11.132
 42.100  11.111
 42.200  11.091
 42.300  11.070
 42.400  11.049
 42.500  11.029
 42.600  11.009
 42.700  10.988
 42.800  10.968
 42.900  10.948
 43.000  10.927
 43.100  10.907
 43.200  10.887
 43.300  10.867
 43.400  10.847
 43.500  10.827
 43.600  10.807
 43.700  10.787
 43.800  10.767
 43.900  10.747
 44.000  10.728
 44.100  10.708
 44.200  10.688
 44.300  10.669
 44.400  10.649
 44.500  10.630
 44.600  10.610
 44.700  10.591
 44.800  10.571
 44.900  10.552
 45.000  10.533
 45.100  10.513
 45.200  10.494
 45.300  10.475
 45.400  10.456
 45.500  10.437
 45.600  10.417
 45.700  10.398
 45.800  10.379
 45.900  10.361
 46.000  10.342
 46.100  10.323
 46.200  10.304
 46.300  10.285
 46.400  10.266
 46.500  10.248
 46.600  10.229
 46.700  10.210
 46.800  10.192
 46.900  10.173
 47.000  10.155
 47.100  10.136
 47.200  10.118
 47.300  10.100
 47.400  10.081
 47.500  10.063
 47.600  10.045
 47.700  10.026
 47.800  10.008
 47.900   9.990
 48.000   9.972
 48.100   9.954
 48.200   9.936
 48.300   9.918
 48.400   9.900
 48.500   9.882
 48.600   9.864
 48.700   9.846
 48.800   9.828
 48.900   9.811
 49.000   9.793
 49.100   9.775
 49.200   9.757
 49.300   9.740
 49.400   9.722
 49.500   9.705
 49.600   9.687
 49.700   9.670
 49.800   9.652
 49.900   9.635
 50.000   9.617
 50.100   9.600
 50.200   9.583
 50.300   9.565
 50.400   9.548
 50.500   9.531
 50.600   9.514
 50.700   9.497
 50.800   9.480
 50.900   9.462
 51.000   9.445
 51.100   9.428
 51.200   9.411
 51.300   9.394
 51.400   9.378
 51.500   9.361
 51.600   9.344
 51.700   9.327
 51.800   9.310
 51.900   9.293
 52.000   9.277
 52.100   9.260
 52.200   9.243
 52.300   9.227
 52.400   9.210
 52.500   9.194
 52.600   9.177
 52.700   9.161
 52.800   9.144
 52.900   9.128
 53.000   9.111
 53.100   9.095
 53.200   9.079
 53.300   9.062
 53.400   9.046
 53.500   9.030
 53.600   9.013
 53.700   8.997
 53.800   8.981
 53.900   8.965
 54.000   8.949
 54.100   8.933
 54.200   8.917
 54.300   8.901
 54.400   8.885
 54.500   8.869
 54.600   8.853
 54.700   8.837
 54.800   8.821
 54.900   8.805
 55.000   8.790
 55.100   8.774
 55.200   8.758
 55.300   8.742
 55.400   8.727
 55.500   8.711
 55.600   8.695
 55.700   8.680
 55.800   8.664
 55.900   8.649
 56.000   8.633
 56.100   8.618
 56.200   8.602
 56.300   8.587
 56.400   8.571
 56.500   8.556
 56.600   8.540
 56.700   8.525
 56.800   8.510
 56.900   8.495
 57.000   8.479
 57.100   8.464
 57.200   8.449
 57.300   8.434
 57.400   8.419
 57.500   8.403
 57.600   8.388
 57.700   8.373
 57.800   8.358
 57.900   8.343
 58.000   8.328
 58.100   8.313
 58.200   8.298
 58.300   8.283
 58.400   8.269
 58.500   8.254
 58.600   8.239
 58.700   8.224
 58.800   8.209
 58.900   8.194
 59.000   8.180
 59.100   8.165
 59.200   8.150
 59.300   8.136
 59.400   8.121
 59.500   8.106
 59.600   8.092
 59.700   8.077
 59.800   8.063
 59.900   8.048
 60.000   8.034
 60.100   8.019
 60.200   8.005
 60.300   7.990
 60.400   7.976
 60.500   7.962
 60.600   7.947
 60.700   7.933
 60.800   7.919
 60.900   7.904
 61.000   7.890
 61.100   7.876
 61.200   7.862
 61.300   7.848
 61.400   7.833
 61.500   7.819
 61.600   7.805
 61.700   7.791
 61.800   7.777
 61.900   7.763
 62.000   7.749
 62.100   7.735
 62.200   7.721
 62.300   7.707
 62.400   7.693
 62.500   7.679
 62.600   7.665
 62.700   7.651
 62.800   7.638
 62.900   7.624
 63.000   7.610
 63.100   7.596
 63.200   7.582
 63.300   7.569
 63.400   7.555
 63.500   7.541
 63.600   7.528
 63.700   7.514
 63.800   7.500
 63.900   7.487
 64.000   7.473
 64.100   7.460
 64.200   7.446
 64.300   7.433
 64.400   7.419
 64.500   7.406
 64.600   7.392
 64.700   7.379
 64.800   7.365
 64.900   7.352
 65.000   7.339
 65.100   7.325
 65.200   7.312
 65.300   7.299
 65.400   7.285
 65.500   7.272
 65.600   7.259
 65.700   7.245
 65.800   7.232
 65.900   7.219
 66.000   7.206
 66.100   7.193
 66.200   7.180
 66.300   7.167
 66.400   7.153
 66.500   7.140
 66.600   7.127
 66.700   7.114
 66.800   7.101
 66.900   7.088
 67.000   7.075
 67.100   7.062
 67.200   7.049
 67.300   7.036
 67.400   7.024
 67.500   7.011
 67.600   6.998
 67.700   6.985
 67.800   6.972
 67.900   6.959
 68.000   6.947
 68.100   6.934
 68.200   6.921
 68.300   6.908
 68.400   6.896
 68.500   6.883
 68.600   6.870
 68.700   6.858
 68.800   6.845
 68.900   6.832
 69.000   6.820
 69.100   6.807
 69.200   6.795
 69.300   6.782
 69.400   6.770
 69.500   6.757
 69.600   6.745
 69.700   6.732
 69.800   6.720
 69.900   6.707
 70.000   6.695
 70.100   6.682
 70.200   6.670
 70.300   6.658
 70.400   6.645
 70.500   6.633
 70.600   6.621
 70.700   6.608
 70.800   6.596
 70.900   6.584
 71.000   6.572
 71.100   6.559
 71.200   6.547
 71.300   6.535
 71.400   6.523
 71.500   6.511
 71.600   6.499
 71.700   6.486
 71.800   6.474
 71.900   6.462
 72.000   6.450
 72.100   6.438
 72.200   6.426
 72.300   6.414
 72.400   6.402
 72.500   6.390
 72.600   6.378
 72.700   6.366
 72.800   6.354
 72.900   6.342
 73.000   6.330
 73.100   6.318
 73.200   6.307
 73.300   6.295
 73.400   6.283
 73.500   6.271
 73.600   6.259
 73.700   6.247
 73.800   6.236
 73.900   6.224
 74.000   6.212
 74.100   6.200
 74.200   6.189
 74.300   6.177
 74.400   6.165
 74.500   6.154
 74.600   6.142
 74.700   6.130
 74.800   6.119
 74.900   6.107
 75.000   6.096
 75.100   6.084
 75.200   6.072
 75.300   6.061
 75.400   6.049
 75.500   6.038
 75.600   6.026
 75.700   6.015
 75.800   6.003
 75.900   5.992
 76.000   5.981
 76.100   5.969
 76.200   5.958
 76.300   5.946
 76.400   5.935
 76.500   5.924
 76.600   5.912
 76.700   5.901
 76.800   5.890
 76.900   5.878
 77.000   5.867
 77.100   5.856
 77.200   5.844
 77.300   5.833
 77.400   5.822
 77.500   5.811
 77.600   5.800
 77.700   5.788
 77.800   5.777
 77.900   5.766
 78.000   5.755
 78.100   5.744
 78.200   5.733
 78.300   5.722
 78.400   5.710
 78.500   5.699
 78.600   5.688
 78.700   5.677
 78.800   5.666
 78.900   5.655
 79.000   5.644
 79.100   5.633
 79.200   5.622
 79.300   5.611
 79.400   5.600
 79.500   5.589
 79.600   5.579
 79.700   5.568
 79.800   5.557
 79.900   5.546
 80.000   5.535
 80.100   5.524
 80.200   5.513
 80.300   5.502
 80.400   5.492
 80.500   5.481
 80.600   5.470
 80.700   5.459
 80.800   5.449
 80.900   5.438
 81.000   5.427
 81.100   5.416
 81.200   5.406
 81.300   5.395
 81.400   5.384
 81.500   5.374
 81.600   5.363
 81.700   5.352
 81.800   5.342
 81.900   5.331
 82.000   5.321
 82.100   5.310
 82.200   5.299
 82.300   5.289
 82.400   5.278
 82.500   5.268
 82.600   5.257
 82.700   5.247
 82.800   5.236
 82.900   5.226
 83.000   5.215
 83.100   5.205
 83.200   5.194
 83.300   5.184
 83.400   5.173
 83.500   5.163
 83.600   5.153
 83.700   5.142
 83.800   5.132
 83.900   5.122
 84.000   5.111
 84.100   5.101
 84.200   5.091
 84.300   5.080
 84.400   5.070
 84.500   5.060
 84.600   5.049
 84.700   5.039
 84.800   5.029
 84.900   5.019
 85.000   5.008
 85.100   4.998
 85.200   4.988
 85.300   4.978
 85.400   4.968
 85.500   4.957
 85.600   4.947
 85.700   4.937
 85.800   4.927
 85.900   4.917
 86.000   4.907
 86.100   4.897
 86.200   4.887
 86.300   4.877
 86.400   4.867
 86.500   4.856
 86.600   4.846
 86.700   4.836
 86.800   4.826
 86.900   4.816
 87.000   4.806
 87.100   4.796
 87.200   4.786
 87.300   4.776
 87.400   4.767
 87.500   4.757
 87.600   4.747
 87.700   4.737
 87.800   4.727
 87.900   4.717
 88.000   4.707
 88.100   4.697
 88.200   4.687
 88.300   4.678
 88.400   4.668
 88.500   4.658
 88.600   4.648
 88.700   4.638
 88.800   4.629
 88.900   4.619
 89.000   4.609
 89.100   4.599
 89.200   4.589
 89.300   4.580
 89.400   4.570
 89.500   4.560
 89.600   4.551
 89.700   4.541
 89.800   4.531
 89.900   4.522
 90.000   4.512
 90.100   4.502
 90.200   4.493
 90.300   4.483
 90.400   4.473
 90.500   4.464
 90.600   4.454
 90.700   4.445
 90.800   4.435
 90.900   4.426
 91.000   4.416
 91.100   4.406
 91.200   4.397
 91.300   4.387
 91.400   4.378
 91.500   4.368
 91.600   4.359
 91.700   4.349
 91.800   4.340
 91.900   4.330
 92.000   4.321
 92.100   4.312
 92.200   4.302
 92.300   4.293
 92.400   4.283
 92.500   4.274
 92.600   4.265
 92.700   4.255
 92.800   4.246
 92.900   4.236
 93.000   4.227
 93.100   4.218
 93.200   4.208
 93.300   4.199
 93.400   4.190
 93.500   4.181
 93.600   4.171
 93.700   4.162
 93.800   4.153
 93.900   4.143
 94.000   4.134
 94.100   4.125
 94.200   4.116
 94.300   4.107
 94.400   4.097
 94.500   4.088
 94.600   4.079
 94.700   4.070
 94.800   4.061
 94.900   4.051
 95.000   4.042
 95.100   4.033
 95.200   4.024
 95.300   4.015
 95.400   4.006
 95.500   3.997
 95.600   3.988
 95.700   3.979
 95.800   3.969
 95.900   3.960
 96.000   3.951
 96.100   3.942
 96.200   3.933
 96.300   3.924
 96.400   3.915
 96.500   3.906
 96.600   3.897
 96.700   3.888
 96.800   3.879
 96.900   3.870
 97.000   3.861
 97.100   3.852
 97.200   3.843
 97.300   3.835
 97.400   3.826
 97.500   3.817
 97.600   3.808
 97.700   3.799
 97.800   3.790
 97.900   3.781
 98.000   3.772
 98.100   3.763
 98.200   3.755
 98.300   3.746
 98.400   3.737
 98.500   3.728
 98.600   3.719
 98.700   3.710
 98.800   3.702
 98.900   3.693
 99.000   3.684
 99.100   3.675
 99.200   3.667
 99.300   3.658
 99.400   3.649
 99.500   3.640
 99.600   3.632
 99.700   3.623
 99.800   3.614
 99.900   3.605
100.000   3.597
100.100   3.588
100.200   3.579
100.300   3.571
100.400   3.562
100.500   3.553
100.600   3.545
100.700   3.536
100.800   3.528
100.900   3.519
101.000   3.510
101.100   3.502
101.200   3.493
101.300   3.485
101.400   3.476
101.500   3.467
101.600   3.459
101.700   3.450
101.800   3.442
101.900   3.433
102.000   3.425
102.100   3.416
102.200   3.408
102.300   3.399
102.400   3.391
102.500   3.382
102.600   3.374
102.700   3.365
102.800   3.357
102.900   3.348
103.000   3.340
103.100   3.332
103.200   3.323
103.300   3.315
103.400   3.306
103.500   3.298
103.600   3.290
103.700   3.281
103.800   3.273
103.900   3.264
104.000   3.256
104.100   3.248
104.200   3.239
104.300   3.231
104.400   3.223
104.500   3.214
104.600   3.206
104.700   3.198
104.800   3.190
104.900   3.181
105.000   3.173
105.100   3.165
105.200   3.156
105.300   3.148
105.400   3.140
105.500   3.132
105.600   3.124
105.700   3.115
105.800   3.107
105.900   3.099
106.000   3.091
106.100   3.082
106.200   3.074
106.300   3.066
106.400   3.058
106.500   3.050
106.600   3.042
106.700   3.033
106.800   3.025
106.900   3.017
107.000   3.009
107.100   3.001
107.200   2.993
107.300   2.985
107.400   2.977
107.500   2.969
107.600   2.961
107.700   2.952
107.800   2.944
107.900   2.936
108.000   2.928
108.100   2.920
108.200   2.912
108.300   2.904
108.400   2.896
108.500   2.888
108.600   2.880
108.700   2.872
108.800   2.864
108.900   2.856
109.000   2.848
109.100   2.840
109.200   2.832
109.300   2.824
109.400   2.816
109.500   2.808
109.600   2.801
109.700   2.793
109.800   2.785
109.900   2.777
110.000   2.769
110.100   2.761
110.200   2.753
110.300   2.745
110.400   2.737
110.500   2.730
110.600   2.722
110.700   2.714
110.800   2.706
110.900   2.698
111.000   2.690
111.100   2.682
111.200   2.675
111.300   2.667
111.400   2.659
111.500   2.651
111.600   2.643
111.700   2.636
111.800   2.628
111.900   2.620
112.000   2.612
112.100   2.605
112.200   2.597
112.300   2.589
112.400   2.581
112.500   2.574
112.600   2.566
112.700   2.558
112.800   2.551
112.900   2.543
113.000   2.535
113.100   2.528
113.200   2.520
113.300   2.512
113.400   2.505
113.500   2.497
113.600   2.489
113.700   2.482
113.800   2.474
113.900   2.466
114.000   2.459
114.100   2.451
114.200   2.443
114.300   2.436
114.400   2.428
114.500   2.421
114.600   2.413
114.700   2.406
114.800   2.398
114.900   2.390
115.000   2.383
115.100   2.375
115.200   2.368
115.300   2.360
115.400   2.353
115.500   2.345
115.600   2.338
115.700   2.330
115.800   2.323
115.900   2.315
116.000   2.308
116.100   2.300
116.200   2.293
116.300   2.285
116.400   2.278
116.500   2.270
116.600   2.263
116.700   2.255
116.800   2.248
116.900   2.240
117.000   2.233
117.100   2.226
117.200   2.218
117.300   2.211
117.400   2.203
117.500   2.196
117.600   2.189
117.700   2.181
117.800   2.174
117.900   2.167
118.000   2.159
118.100   2.152
118.200   2.144
118.300   2.137
118.400   2.130
118.500   2.122
118.600   2.115
118.700   2.108
118.800   2.100
118.900   2.093
119.000   2.086
119.100   2.079
119.200   2.071
119.300   2.064
119.400   2.057
119.500   2.049
119.600   2.042
119.700   2.035
119.800   2.028
119.900   2.020
120.000   2.013
120.100   2.006
120.200   1.999
120.300   1.991
120.400   1.984
120.500   1.977
120.600   1.970
120.700   1.963
120.800   1.955
120.900   1.948
121.000   1.941
121.100   1.934
121.200   1.927
121.300   1.920
121.400   1.912
121.500   1.905
121.600   1.898
121.700   1.891
121.800   1.884
121.900   1.877
122.000   1.870
122.100   1.862
122.200   1.855
122.300   1.848
122.400   1.841
122.500   1.834
122.600   1.827
122.700   1.820
122.800   1.813
122.900   1.806
123.000   1.799
123.100   1.792
123.200   1.785
123.300   1.778
123.400   1.770
123.500   1.763
123.600   1.756
123.700   1.749
123.800   1.742
123.900   1.735
124.000   1.728
124.100   1.721
124.200   1.714
124.300   1.707
124.400   1.700
124.500   1.693
124.600   1.686
124.700   1.679
124.800   1.672
124.900   1.666
125.000   1.659
125.100   1.652
125.200   1.645
125.300   1.638
125.400   1.631
125.500   1.624
125.600   1.617
125.700   1.610
125.800   1.603
125.900   1.596
126.000   1.589
126.100   1.582
126.200   1.576
126.300   1.569
126.400   1.562
126.500   1.555
126.600   1.548
126.700   1.541
126.800   1.534
126.900   1.528
127.000   1.521
127.100   1.514
127.200   1.507
127.300   1.500
127.400   1.493
127.500   1.487
127.600   1.480
127.700   1.473
127.800   1.466
127.900   1.459
128.000   1.453
128.100   1.446
128.200   1.439
128.300   1.432
128.400   1.425
128.500   1.419
128.600   1.412
128.700   1.405
128.800   1.398
128.900   1.392
129.000   1.385
129.100   1.378
129.200   1.372
129.300   1.365
129.400   1.358
129.500   1.351
129.600   1.345
129.700   1.338
129.800   1.331
129.900   1.325
130.000   1.318
130.100   1.311
130.200   1.305
130.300   1.298
130.400   1.291
130.500   1.285
130.600   1.278
130.700   1.271
130.800   1.265
130.900   1.258
131.000   1.251
131.100   1.245
131.200   1.238
131.300   1.231
131.400   1.225
131.500   1.218
131.600   1.212
131.700   1.205
131.800   1.198
131.900   1.192
132.000   1.185
132.100   1.179
132.200   1.172
132.300   1.166
132.400   1.159
132.500   1.152
132.600   1.146
132.700   1.139
132.800   1.133
132.900   1.126
133.000   1.120
133.100   1.113
133.200   1.107
133.300   1.100
133.400   1.094
133.500   1.087
133.600   1.081
133.700   1.074
133.800   1.068
133.900   1.061
134.000   1.055
134.100   1.048
134.200   1.042
134.300   1.035
134.400   1.029
134.500   1.022
134.600   1.016
134.700   1.009
134.800   1.003
134.900   0.997
135.000   0.990
135.100   0.984
135.200   0.977
135.300   0.971
135.400   0.964
135.500   0.958
135.600   0.952
135.700   0.945
135.800   0.939
135.900   0.932
136.000   0.926
136.100   0.920
136.200   0.913
136.300   0.907
136.400   0.900
136.500   0.894
136.600   0.888
136.700   0.881
136.800   0.875
136.900   0.869
137.000   0.862
137.100   0.856
137.200   0.850
137.300   0.843
137.400   0.837
137.500   0.831
137.600   0.824
137.700   0.818
137.800   0.812
137.900   0.805
138.000   0.799
138.100   0.793
138.200   0.787
138.300   0.780
138.400   0.774
138.500   0.768
138.600   0.762
138.700   0.755
138.800   0.749
138.900   0.743
139.000   0.736
139.100   0.730
139.200   0.724
139.300   0.718
139.400   0.712
139.500   0.705
139.600   0.699
139.700   0.693
139.800   0.687
139.900   0.680
140.000   0.674
140.100   0.668
140.200   0.662
140.300   0.656
140.400   0.649
140.500   0.643
140.600   0.637
140.700   0.631
140.800   0.625
140.900   0.619
141.000   0.612
141.100   0.606
141.200   0.600
141.300   0.594
141.400   0.588
141.500   0.582
141.600   0.576
141.700   0.569
141.800   0.563
141.900   0.557
142.000   0.551
142.100   0.545
142.200   0.539
142.300   0.533
142.400   0.527
142.500   0.520
142.600   0.514
142.700   0.508
142.800   0.502
142.900   0.496
143.000   0.490
143.100   0.484
143.200   0.478
143.300   0.472
143.400   0.466
143.500   0.460
143.600   0.454
143.700   0.448
143.800   0.442
143.900   0.436
144.000   0.430
144.100   0.423
144.200   0.417
144.300   0.411
144.400   0.405
144.500   0.399
144.600   0.393
144.700   0.387
144.800   0.381
144.900   0.375
145.000   0.369
145.100   0.363
145.200   0.357
145.300   0.351
145.400   0.345
145.500   0.340
145.600   0.334
145.700   0.328
145.800   0.322
145.900   0.316
146.000   0.310
146.100   0.304
146.200   0.298
146.300   0.292
146.400   0.286
146.500   0.280
146.600   0.274
146.700   0.268
146.800   0.262
146.900   0.256
147.000   0.250
147.100   0.245
147.200   0.239
147.300   0.233
147.400   0.227
147.500   0.221
147.600   0.215
147.700   0.209
147.800   0.203
147.900   0.197
148.000   0.192
148.100   0.186
148.200   0.180
148.300   0.174
148.400   0.168
148.500   0.162
148.600   0.156
148.700   0.151
148.800   0.145
148.900   0.139
149.000   0.133
149.100   0.127
149.200   0.121
149.300   0.116
149.400   0.110
149.500   0.104
149.600   0.098
149.700   0.092
149.800   0.087
149.900   0.081
150.000   0.075
150.100   0.069
150.200   0.063
150.300   0.058
150.400   0.052
150.500   0.046
150.600   0.040
150.700   0.035
150.800   0.029
150.900   0.023
151.000   0.017
151.100   0.011
151.200   0.006
151.300   0.000
151.400  -0.006
151.500  -0.011
151.600  -0.017
151.700  -0.023
151.800  -0.029
151.900  -0.034
152.000  -0.040
152.100  -0.046
152.200  -0.052
152.300  -0.057
152.400  -0.063
152.500  -0.069
152.600  -0.074
152.700  -0.080
152.800  -0.086
152.900  -0.091
153.000  -0.097
153.100  -0.103
153.200  -0.108
153.300  -0.114
153.400  -0.120
153.500  -0.125
153.600  -0.131
153.700  -0.137
153.800  -0.142
153.900  -0.148
154.000  -0.154
154.100  -0.159
154.200  -0.165
154.300  -0.171
154.400  -0.176
154.500  -0.182
154.600  -0.187
154.700  -0.193
154.800  -0.199
154.900  -0.204
155.000  -0.210
155.100  -0.215
155.200  -0.221
155.300  -0.227
155.400  -0.232
155.500  -0.238
155.600  -0.243
155.700  -0.249
155.800  -0.255
155.900  -0.260
156.000  -0.266
156.100  -0.271
156.200  -0.277
156.300  -0.282
156.400  -0.288
156.500  -0.294
156.600  -0.299
156.700  -0.305
156.800  -0.310
156.900  -0.316
157.000  -0.321
157.100  -0.327
157.200  -0.332
157.300  -0.338
157.400  -0.343
157.500  -0.349
157.600  -0.354
157.700  -0.360
157.800  -0.365
157.900  -0.371
158.000  -0.376
158.100  -0.382
158.200  -0.387
158.300  -0.393
158.400  -0.398
158.500  -0.404
158.600  -0.409
158.700  -0.415
158.800  -0.420
158.900  -0.426
159.000  -0.431
159.100  -0.437
159.200  -0.442
159.300  -0.448
159.400  -0.453
159.500  -0.458
159.600  -0.464
159.700  -0.469
159.800  -0.475
159.900  -0.480
160.000  -0.486
160.100  -0.491
160.200  -0.496
160.300  -0.502
160.400  -0.507
160.500  -0.513
160.600  -0.518
160.700  -0.524
160.800  -0.529
160.900  -0.534
161.000  -0.540
161.100  -0.545
161.200  -0.551
161.300  -0.556
161.400  -0.561
161.500  -0.567
161.600  -0.572
161.700  -0.577
161.800  -0.583
161.900  -0.588
162.000  -0.594
162.100  -0.599
162.200  -0.604
162.300  -0.610
162.400  -0.615
162.500  -0.620
162.600  -0.626
162.700  -0.631
162.800  -0.636
162.900  -0.642
163.000  -0.647
163.100  -0.652
163.200  -0.658
163.300  -0.663
163.400  -0.668
163.500  -0.674
163.600  -0.679
163.700  -0.684
163.800  -0.689
163.900  -0.695
164.000  -0.700
164.100  -0.705
164.200  -0.711
164.300  -0.716
164.400  -0.721
164.500  -0.727
164.600  -0.732
164.700  -0.737
164.800  -0.742
164.900  -0.748
165.000  -0.753
165.100  -0.758
165.200  -0.763
165.300  -0.769
165.400  -0.774
165.500  -0.779
165.600  -0.784
165.700  -0.790
165.800  -0.795
165.900  -0.800
166.000  -0.805
166.100  -0.811
166.200  -0.816
166.300  -0.821
166.400  -0.826
166.500  -0.832
166.600  -0.837
166.700  -0.842
166.800  -0.847
166.900  -0.852
167.000  -0.858
167.100  -0.863
167.200  -0.868
167.300  -0.873
167.400  -0.878
167.500  -0.884
167.600  -0.889
167.700  -0.894
167.800  -0.899
167.900  -0.904
168.000  -0.909
168.100  -0.915
168.200  -0.920
168.300  -0.925
168.400  -0.930
168.500  -0.935
168.600  -0.940
168.700  -0.946
168.800  -0.951
168.900  -0.956
169.000  -0.961
169.100  -0.966
169.200  -0.971
169.300  -0.976
169.400  -0.981
169.500  -0.987
169.600  -0.992
169.700  -0.997
169.800  -1.002
169.900  -1.007
170.000  -1.012
170.100  -1.017
170.200  -1.022
170.300  -1.028
170.400  -1.033
170.500  -1.038
170.600  -1.043
170.700  -1.048
170.800  -1.053
170.900  -1.058
171.000  -1.063
171.100  -1.068
171.200  -1.073
171.300  -1.078
171.400  -1.083
171.500  -1.089
171.600  -1.094
171.700  -1.099
171.800  -1.104
171.900  -1.109
172.000  -1.114
172.100  -1.119
172.200  -1.124
172.300  -1.129
172.400  -1.134
172.500  -1.139
172.600  -1.144
172.700  -1.149
172.800  -1.154
172.900  -1.159
173.000  -1.164
173.100  -1.169
173.200  -1.174
173.300  -1.179
173.400  -1.184
173.500  -1.189
173.600  -1.194
173.700  -1.199
173.800  -1.204
173.900  -1.209
174.000  -1.214
174.100  -1.219
174.200  -1.224
174.300  -1.229
174.400  -1.234
174.500  -1.239
174.600  -1.244
174.700  -1.249
174.800  -1.254
174.900  -1.259
175.000  -1.264
175.100  -1.269
175.200  -1.274
175.300  -1.279
175.400  -1.284
175.500  -1.289
175.600  -1.294
175.700  -1.299
175.800  -1.304
175.900  -1.309
176.000  -1.313
176.100  -1.318
176.200  -1.323
176.300  -1.328
176.400  -1.333
176.500  -1.338
176.600  -1.343
176.700  -1.348
176.800  -1.353
176.900  -1.358
177.000  -1.363
177.100  -1.368
177.200  -1.372
177.300  -1.377
177.400  -1.382
177.500  -1.387
177.600  -1.392
177.700  -1.397
177.800  -1.402
177.900  -1.407
178.000  -1.412
178.100  -1.416
178.200  -1.421
178.300  -1.426
178.400  -1.431
178.500  -1.436
178.600  -1.441
178.700  -1.446
178.800  -1.451
178.900  -1.455
179.000  -1.460
179.100  -1.465
179.200  -1.470
179.300  -1.475
179.400  -1.480
179.500  -1.485
179.600  -1.489
179.700  -1.494
179.800  -1.499
179.900  -1.504
180.000  -1.509
180.100  -1.513
180.200  -1.518
180.300  -1.523
180.400  -1.528
180.500  -1.533
180.600  -1.538
180.700  -1.542
180.800  -1.547
180.900  -1.552
181.000  -1.557
181.100  -1.562
181.200  -1.566
181.300  -1.571
181.400  -1.576
181.500  -1.581
181.600  -1.586
181.700  -1.590
181.800  -1.595
181.900  -1.600
182.000  -1.605
182.100  -1.609
182.200  -1.614
182.300  -1.619
182.400  -1.624
182.500  -1.628
182.600  -1.633
182.700  -1.638
182.800  -1.643
182.900  -1.647
183.000  -1.652
183.100  -1.657
183.200  -1.662
183.300  -1.666
183.400  -1.671
183.500  -1.676
183.600  -1.681
183.700  -1.685
183.800  -1.690
183.900  -1.695
184.000  -1.700
184.100  -1.704
184.200  -1.709
184.300  -1.714
184.400  -1.718
184.500  -1.723
184.600  -1.728
184.700  -1.733
184.800  -1.737
184.900  -1.742
185.000  -1.747
185.100  -1.751
185.200  -1.756
185.300  -1.761
185.400  -1.765
185.500  -1.770
185.600  -1.775
185.700  -1.779
185.800  -1.784
185.900  -1.789
186.000  -1.793
186.100  -1.798
186.200  -1.803
186.300  -1.807
186.400  -1.812
186.500  -1.817
186.600  -1.821
186.700  -1.826
186.800  -1.831
186.900  -1.835
187.000  -1.840
187.100  -1.845
187.200  -1.849
187.300  -1.854
187.400  -1.859
187.500  -1.863
187.600  -1.868
187.700  -1.873
187.800  -1.877
187.900  -1.882
188.000  -1.886
188.100  -1.891
188.200  -1.896
188.300  -1.900
188.400  -1.905
188.500  -1.909
188.600  -1.914
188.700  -1.919
188.800  -1.923
188.900  -1.928
189.000  -1.932
189.100  -1.937
189.200  -1.942
189.300  -1.946
189.400  -1.951
189.500  -1.955
189.600  -1.960
189.700  -1.965
189.800  -1.969
189.900  -1.974
190.000  -1.978
190.100  -1.983
190.200  -1.987
190.300  -1.992
190.400  -1.997
190.500  -2.001
190.600  -2.006
190.700  -2.010
190.800  -2.015
190.900  -2.019
191.000  -2.024
191.100  -2.028
191.200  -2.033
191.300  -2.038
191.400  -2.042
191.500  -2.047
191.600  -2.051
191.700  -2.056
191.800  -2.060
191.900  -2.065
192.000  -2.069
192.100  -2.074
192.200  -2.078
192.300  -2.083
192.400  -2.087
192.500  -2.092
192.600  -2.096
192.700  -2.101
192.800  -2.105
192.900  -2.110
193.000  -2.114
193.100  -2.119
193.200  -2.123
193.300  -2.128
193.400  -2.132
193.500  -2.137
193.600  -2.141
193.700  -2.146
193.800  -2.150
193.900  -2.155
194.000  -2.159
194.100  -2.164
194.200  -2.168
194.300  -2.173
194.400  -2.177
194.500  -2.182
194.600  -2.186
194.700  -2.191
194.800  -2.195
194.900  -2.199
195.000  -2.204
195.100  -2.208
195.200  -2.213
195.300  -2.217
195.400  -2.222
195.500  -2.226
195.600  -2.231
195.700  -2.235
195.800  -2.239
195.900  -2.244
196.000  -2.248
196.100  -2.253
196.200  -2.257
196.300  -2.262
196.400  -2.266
196.500  -2.270
196.600  -2.275
196.700  -2.279
196.800  -2.284
196.900  -2.288
197.000  -2.293
197.100  -2.297
197.200  -2.301
197.300  -2.306
197.400  -2.310
197.500  -2.315
197.600  -2.319
197.700  -2.323
197.800  -2.328
197.900  -2.332
198.000  -2.337
198.100  -2.341
198.200  -2.345
198.300  -2.350
198.400  -2.354
198.500  -2.358
198.600  -2.363
198.700  -2.367
198.800  -2.372
198.900  -2.376
199.000  -2.380
199.100  -2.385
199.200  -2.389
199.300  -2.393
199.400  -2.398
199.500  -2.402
199.600  -2.406
199.700  -2.411
199.800  -2.415
199.900  -2.419
200.000  -2.424
200.100  -2.428
200.200  -2.433
200.300  -2.437
200.400  -2.441
200.500  -2.446
200.600  -2.450
200.700  -2.454
200.800  -2.458
200.900  -2.463
201.000  -2.467
201.100  -2.471
201.200  -2.476
201.300  -2.480
201.400  -2.484
201.500  -2.489
201.600  -2.493
201.700  -2.497
201.800  -2.502
201.900  -2.506
202.000  -2.510
202.100  -2.515
202.200  -2.519
202.300  -2.523
202.400  -2.527
202.500  -2.532
202.600  -2.536
202.700  -2.540
202.800  -2.545
202.900  -2.549
203.000  -2.553
203.100  -2.557
203.200  -2.562
203.300  -2.566
203.400  -2.570
203.500  -2.575
203.600  -2.579
203.700  -2.583
203.800  -2.587
203.900  -2.592
204.000  -2.596
204.100  -2.600
204.200  -2.604
204.300  -2.609
204.400  -2.613
204.500  -2.617
204.600  -2.621
204.700  -2.626
204.800  -2.630
204.900  -2.634
205.000  -2.638
205.100  -2.643
205.200  -2.647
205.300  -2.651
205.400  -2.655
205.500  -2.659
205.600  -2.664
205.700  -2.668
205.800  -2.672
205.900  -2.676
206.000  -2.681
206.100  -2.685
206.200  -2.689
206.300  -2.693
206.400  -2.697
206.500  -2.702
206.600  -2.706
206.700  -2.710
206.800  -2.714
206.900  -2.718
207.000  -2.723
207.100  -2.727
207.200  -2.731
207.300  -2.735
207.400  -2.739
207.500  -2.744
207.600  -2.748
207.700  -2.752
207.800  -2.756
207.900  -2.760
208.000  -2.764
208.100  -2.769
208.200  -2.773
208.300  -2.777
208.400  -2.781
208.500  -2.785
208.600  -2.790
208.700  -2.794
208.800  -2.798
208.900  -2.802
209.000  -2.806
209.100  -2.810
209.200  -2.814
209.300  -2.819
209.400  -2.823
209.500  -2.827
209.600  -2.831
209.700  -2.835
209.800  -2.839
209.900  -2.843
210.000  -2.848
210.100  -2.852
210.200  -2.856
210.300  -2.860
210.400  -2.864
210.500  -2.868
210.600  -2.872
210.700  -2.877
210.800  -2.881
210.900  -2.885
211.000  -2.889
211.100  -2.893
211.200  -2.897
211.300  -2.901
211.400  -2.905
211.500  -2.909
211.600  -2.914
211.700  -2.918
211.800  -2.922
211.900  -2.926
212.000  -2.930
212.100  -2.934
212.200  -2.938
212.300  -2.942
212.400  -2.946
212.500  -2.950
212.600  -2.954
212.700  -2.959
212.800  -2.963
212.900  -2.967
213.000  -2.971
213.100  -2.975
213.200  -2.979
213.300  -2.983
213.400  -2.987
213.500  -2.991
213.600  -2.995
213.700  -2.999
213.800  -3.003
213.900  -3.007
214.000  -3.011
214.100  -3.016
214.200  -3.020
214.300  -3.024
214.400  -3.028
214.500  -3.032
214.600  -3.036
214.700  -3.040
214.800  -3.044
214.900  -3.048
215.000  -3.052
215.100  -3.056
215.200  -3.060
215.300  -3.064
215.400  -3.068
215.500  -3.072
215.600  -3.076
215.700  -3.080
215.800  -3.084
215.900  -3.088
216.000  -3.092
216.100  -3.096
216.200  -3.100
216.300  -3.104
216.400  -3.108
216.500  -3.112
216.600  -3.116
216.700  -3.120
216.800  -3.124
216.900  -3.128
217.000  -3.132
217.100  -3.136
217.200  -3.140
217.300  -3.144
217.400  -3.148
217.500  -3.152
217.600  -3.156
217.700  -3.160
217.800  -3.164
217.900  -3.168
218.000  -3.172
218.100  -3.176
218.200  -3.180
218.300  -3.184
218.400  -3.188
218.500  -3.192
218.600  -3.196
218.700  -3.200
218.800  -3.204
218.900  -3.208
219.000  -3.212
219.100  -3.216
219.200  -3.220
219.300  -3.224
219.400  -3.228
219.500  -3.232
219.600  -3.236
219.700  -3.240
219.800  -3.244
219.900  -3.248
220.000  -3.252
220.100  -3.256
220.200  -3.260
220.300  -3.264
220.400  -3.267
220.500  -3.271
220.600  -3.275
220.700  -3.279
220.800  -3.283
220.900  -3.287
221.000  -3.291
221.100  -3.295
221.200  -3.299
221.300  -3.303
221.400  -3.307
221.500  -3.311
221.600  -3.315
221.700  -3.319
221.800  -3.322
221.900  -3.326
222.000  -3.330
222.100  -3.334
222.200  -3.338
222.300  -3.342
222.400  -3.346
222.500  -3.350
222.600  -3.354
222.700  -3.358
222.800  -3.362
222.900  -3.365
223.000  -3.369
223.100  -3.373
223.200  -3.377
223.300  -3.381
223.400  -3.385
223.500  -3.389
223.600  -3.393
223.700  -3.397
223.800  -3.400
223.900  -3.404
224.000  -3.408
224.100  -3.412
224.200  -3.416
224.300  -3.420
224.400  -3.424
224.500  -3.428
224.600  -3.431
224.700  -3.435
224.800  -3.439
224.900  -3.443
225.000  -3.447
225.100  -3.451
225.200  -3.455
225.300  -3.458
225.400  -3.462
225.500  -3.466
225.600  -3.470
225.700  -3.474
225.800  -3.478
225.900  -3.482
226.000  -3.485
226.100  -3.489
226.200  -3.493
226.300  -3.497
226.400  -3.501
226.500  -3.505
226.600  -3.508
226.700  -3.512
226.800  -3.516
226.900  -3.520
227.000  -3.524
227.100  -3.528
227.200  -3.531
227.300  -3.535
227.400  -3.539
227.500  -3.543
227.600  -3.547
227.700  -3.550
227.800  -3.554
227.900  -3.558
228.000  -3.562
228.100  -3.566
228.200  -3.570
228.300  -3.573
228.400  -3.577
228.500  -3.581
228.600  -3.585
228.700  -3.589
228.800  -3.592
228.900  -3.596
229.000  -3.600
229.100  -3.604
229.200  -3.608
229.300  -3.611
229.400  -3.615
229.500  -3.619
229.600  -3.623
229.700  -3.626
229.800  -3.630
229.900  -3.634
230.000  -3.638
230.100  -3.642
230.200  -3.645
230.300  -3.649
230.400  -3.653
230.500  -3.657
230.600  -3.660
230.700  -3.664
230.800  -3.668
230.900  -3.672
231.000  -3.675
231.100  -3.679
231.200  -3.683
231.300  -3.687
231.400  -3.690
231.500  -3.694
231.600  -3.698
231.700  -3.702
231.800  -3.705
231.900  -3.709
232.000  -3.713
232.100  -3.717
232.200  -3.720
232.300  -3.724
232.400  -3.728
232.500  -3.732
232.600  -3.735
232.700  -3.739
232.800  -3.743
232.900  -3.747
233.000  -3.750
233.100  -3.754
233.200  -3.758
233.300  -3.762
233.400  -3.765
233.500  -3.769
233.600  -3.773
233.700  -3.776
233.800  -3.780
233.900  -3.784
234.000  -3.788
234.100  -3.791
234.200  -3.795
234.300  -3.799
234.400  -3.802
234.500  -3.806
234.600  -3.810
234.700  -3.813
234.800  -3.817
234.900  -3.821
235.000  -3.825
235.100  -3.828
235.200  -3.832
235.300  -3.836
235.400  -3.839
235.500  -3.843
235.600  -3.847
235.700  -3.850
235.800  -3.854
235.900  -3.858
236.000  -3.861
236.100  -3.865
236.200  -3.869
236.300  -3.872
236.400  -3.876
236.500  -3.880
236.600  -3.884
236.700  -3.887
236.800  -3.891
236.900  -3.895
237.000  -3.898
237.100  -3.902
237.200  -3.906
237.300  -3.909
237.400  -3.913
237.500  -3.916
237.600  -3.920
237.700  -3.924
237.800  -3.927
237.900  -3.931
238.000  -3.935
238.100  -3.938
238.200  -3.942
238.300  -3.946
238.400  -3.949
238.500  -3.953
238.600  -3.957
238.700  -3.960
238.800  -3.964
238.900  -3.968
239.000  -3.971
239.100  -3.975
239.200  -3.978
239.300  -3.982
239.400  -3.986
239.500  -3.989
239.600  -3.993
239.700  -3.997
239.800  -4.000
239.900  -4.004
240.000  -4.007
240.100  -4.011
240.200  -4.015
240.300  -4.018
240.400  -4.022
240.500  -4.026
240.600  -4.029
240.700  -4.033
240.800  -4.036
240.900  -4.040
241.000  -4.044
241.100  -4.047
241.200  -4.051
241.300  -4.054
241.400  -4.058
241.500  -4.062
241.600  -4.065
241.700  -4.069
241.800  -4.072
241.900  -4.076
242.000  -4.080
242.100  -4.083
242.200  -4.087
242.300  -4.090
242.400  -4.094
242.500  -4.097
242.600  -4.101
242.700  -4.105
242.800  -4.108
242.900  -4.112
243.000  -4.115
243.100  -4.119
243.200  -4.122
243.300  -4.126
243.400  -4.130
243.500  -4.133
243.600  -4.137
243.700  -4.140
243.800  -4.144
243.900  -4.147
244.000  -4.151
244.100  -4.155
244.200  -4.158
244.300  -4.162
244.400  -4.165
244.500  -4.169
244.600  -4.172
244.700  -4.176
244.800  -4.179
244.900  -4.183
245.000  -4.187
245.100  -4.190
245.200  -4.194
245.300  -4.197
245.400  -4.201
245.500  -4.204
245.600  -4.208
245.700  -4.211
245.800  -4.215
245.900  -4.218
246.000  -4.222
246.100  -4.225
246.200  -4.229
246.300  -4.233
246.400  -4.236
246.500  -4.240
246.600  -4.243
246.700  -4.247
246.800  -4.250
246.900  -4.254
247.000  -4.257
247.100  -4.261
247.200  -4.264
247.300  -4.268
247.400  -4.271
247.500  -4.275
247.600  -4.278
247.700  -4.282
247.800  -4.285
247.900  -4.289
248.000  -4.292
248.100  -4.296
248.200  -4.299
248.300  -4.303
248.400  -4.306
248.500  -4.310
248.600  -4.313
248.700  -4.317
248.800  -4.320
248.900  -4.324
249.000  -4.327
249.100  -4.331
249.200  -4.334
249.300  -4.338
249.400  -4.341
249.500  -4.345
249.600  -4.348
249.700  -4.352
249.800  -4.355
249.900  -4.359
250.000  -4.362
250.100  -4.365
250.200  -4.369
250.300  -4.372
250.400  -4.376
250.500  -4.379
250.600  -4.383
250.700  -4.386
250.800  -4.390
250.900  -4.393
251.000  -4.397
251.100  -4.400
251.200  -4.404
251.300  -4.407
251.400  -4.411
251.500  -4.414
251.600  -4.417
251.700  -4.421
251.800  -4.424
251.900  -4.428
252.000  -4.431
252.100  -4.435
252.200  -4.438
252.300  -4.442
252.400  -4.445
252.500  -4.448
252.600  -4.452
252.700  -4.455
252.800  -4.459
252.900  -4.462
253.000  -4.466
253.100  -4.469
253.200  -4.472
253.300  -4.476
253.400  -4.479
253.500  -4.483
253.600  -4.486
253.700  -4.490
253.800  -4.493
253.900  -4.496
254.000  -4.500
254.100  -4.503
254.200  -4.507
254.300  -4.510
254.400  -4.514
254.500  -4.517
254.600  -4.520
254.700  -4.524
254.800  -4.527
254.900  -4.531
255.000  -4.534
255.100  -4.537
255.200  -4.541
255.300  -4.544
255.400  -4.548
255.500  -4.551
255.600  -4.554
255.700  -4.558
255.800  -4.561
255.900  -4.565
256.000  -4.568
256.100  -4.571
256.200  -4.575
256.300  -4.578
256.400  -4.582
256.500  -4.585
256.600  -4.588
256.700  -4.592
256.800  -4.595
256.900  -4.599
257.000  -4.602
257.100  -4.605
257.200  -4.609
257.300  -4.612
257.400  -4.615
257.500  -4.619
257.600  -4.622
257.700  -4.626
257.800  -4.629
257.900  -4.632
258.000  -4.636
258.100  -4.639
258.200  -4.642
258.300  -4.646
258.400  -4.649
258.500  -4.652
258.600  -4.656
258.700  -4.659
258.800  -4.663
258.900  -4.666
259.000  -4.669
259.100  -4.673
259.200  -4.676
259.300  -4.679
259.400  -4.683
259.500  -4.686
259.600  -4.689
259.700  -4.693
259.800  -4.696
259.900  -4.699
260.000  -4.703
260.100  -4.706
260.200  -4.709
260.300  -4.713
260.400  -4.716
260.500  -4.719
260.600  -4.723
260.700  -4.726
260.800  -4.729
260.900  -4.733
261.000  -4.736
261.100  -4.739
261.200  -4.743
261.300  -4.746
261.400  -4.749
261.500  -4.753
261.600  -4.756
261.700  -4.759
261.800  -4.763
261.900  -4.766
262.000  -4.769
262.100  -4.773
262.200  -4.776
262.300  -4.779
262.400  -4.782
262.500  -4.786
262.600  -4.789
262.700  -4.792
262.800  -4.796
262.900  -4.799
263.000  -4.802
263.100  -4.806
263.200  -4.809
263.300  -4.812
263.400  -4.816
263.500  -4.819
263.600  -4.822
263.700  -4.825
263.800  -4.829
263.900  -4.832
264.000  -4.835
264.100  -4.839
264.200  -4.842
264.300  -4.845
264.400  -4.848
264.500  -4.852
264.600  -4.855
264.700  -4.858
264.800  -4.862
264.900  -4.865
265.000  -4.868
265.100  -4.871
265.200  -4.875
265.300  -4.878
265.400  -4.881
265.500  -4.885
265.600  -4.888
265.700  -4.891
265.800  -4.894
265.900  -4.898
266.000  -4.901
266.100  -4.904
266.200  -4.907
266.300  -4.911
266.400  -4.914
266.500  -4.917
266.600  -4.920
266.700  -4.924
266.800  -4.927
266.900  -4.930
267.000  -4.933
267.100  -4.937
267.200  -4.940
267.300  -4.943
267.400  -4.946
267.500  -4.950
267.600  -4.953
267.700  -4.956
267.800  -4.959
267.900  -4.963
268.000  -4.966
268.100  -4.969
268.200  -4.972
268.300  -4.976
268.400  -4.979
268.500  -4.982
268.600  -4.985
268.700  -4.989
268.800  -4.992
268.900  -4.995
269.000  -4.998
269.100  -5.001
269.200  -5.005
269.300  -5.008
269.400  -5.011
269.500  -5.014
269.600  -5.018
269.700  -5.021
269.800  -5.024
269.900  -5.027
270.000  -5.030
270.100  -5.034
270.200  -5.037
270.300  -5.040
270.400  -5.043
270.500  -5.047
270.600  -5.050
270.700  -5.053
270.800  -5.056
270.900  -5.059
271.000  -5.063
271.100  -5.066
271.200  -5.069
271.300  -5.072
271.400  -5.075
271.500  -5.079
271.600  -5.082
271.700  -5.085
271.800  -5.088
271.900  -5.091
272.000  -5.095
272.100  -5.098
272.200  -5.101
272.300  -5.104
272.400  -5.107
272.500  -5.111
272.600  -5.114
272.700  -5.117
272.800  -5.120
272.900  -5.123
273.000  -5.126
273.100  -5.130
273.200  -5.133
273.300  -5.136
273.400  -5.139
273.500  -5.142
273.600  -5.146
273.700  -5.149
273.800  -5.152
273.900  -5.155
274.000  -5.158
274.100  -5.161
274.200  -5.165
274.300  -5.168
274.400  -5.171
274.500  -5.174
274.600  -5.177
274.700  -5.180
274.800  -5.184
274.900  -5.187
275.000  -5.190
275.100  -5.193
275.200  -5.196
275.300  -5.199
275.400  -5.203
275.500  -5.206
275.600  -5.209
275.700  -5.212
275.800  -5.215
275.900  -5.218
276.000  -5.221
276.100  -5.225
276.200  -5.228
276.300  -5.231
276.400  -5.234
276.500  -5.237
276.600  -5.240
276.700  -5.243
276.800  -5.247
276.900  -5.250
277.000  -5.253
277.100  -5.256
277.200  -5.259
277.300  -5.262
277.400  -5.265
277.500  -5.268
277.600  -5.272
277.700  -5.275
277.800  -5.278
277.900  -5.281
278.000  -5.284
278.100  -5.287
278.200  -5.290
278.300  -5.293
278.400  -5.297
278.500  -5.300
278.600  -5.303
278.700  -5.306
278.800  -5.309
278.900  -5.312
279.000  -5.315
279.100  -5.318
279.200  -5.322
279.300  -5.325
279.400  -5.328
279.500  -5.331
279.600  -5.334
279.700  -5.337
279.800  -5.340
279.900  -5.343
280.000  -5.346
280.100  -5.349
280.200  -5.353
280.300  -5.356
280.400  -5.359
280.500  -5.362
280.600  -5.365
280.700  -5.368
280.800  -5.371
280.900  -5.374
281.000  -5.377
281.100  -5.380
281.200  -5.384
281.300  -5.387
281.400  -5.390
281.500  -5.393
281.600  -5.396
281.700  -5.399
281.800  -5.402
281.900  -5.405
282.000  -5.408
282.100  -5.411
282.200  -5.414
282.300  -5.417
282.400  -5.421
282.500  -5.424
282.600  -5.427
282.700  -5.430
282.800  -5.433
282.900  -5.436
283.000  -5.439
283.100  -5.442
283.200  -5.445
283.300  -5.448
283.400  -5.451
283.500  -5.454
283.600  -5.457
283.700  -5.460
283.800  -5.463
283.900  -5.467
284.000  -5.470
284.100  -5.473
284.200  -5.476
284.300  -5.479
284.400  -5.482
284.500  -5.485
284.600  -5.488
284.700  -5.491
284.800  -5.494
284.900  -5.497
285.000  -5.500
285.100  -5.503
285.200  -5.506
285.300  -5.509
285.400  -5.512
285.500  -5.515
285.600  -5.518
285.700  -5.521
285.800  -5.524
285.900  -5.528
286.000  -5.531
286.100  -5.534
286.200  -5.537
286.300  -5.540
286.400  -5.543
286.500  -5.546
286.600  -5.549
286.700  -5.552
286.800  -5.555
286.900  -5.558
287.000  -5.561
287.100  -5.564
287.200  -5.567
287.300  -5.570
287.400  -5.573
287.500  -5.576
287.600  -5.579
287.700  -5.582
287.800  -5.585
287.900  -5.588
288.000  -5.591
288.100  -5.594
288.200  -5.597
288.300  -5.600
288.400  -5.603
288.500  -5.606
288.600  -5.609
288.700  -5.612
288.800  -5.615
288.900  -5.618
289.000  -5.621
289.100  -5.624
289.200  -5.627
289.300  -5.630
289.400  -5.633
289.500  -5.636
289.600  -5.639
289.700  -5.642
289.800  -5.645
289.900  -5.648
290.000  -5.651
290.100  -5.654
290.200  -5.657
290.300  -5.660
290.400  -5.663
290.500  -5.666
290.600  -5.669
290.700  -5.672
290.800  -5.675
290.900  -5.678
291.000  -5.681
291.100  -5.684
291.200  -5.687
291.300  -5.690
291.400  -5.693
291.500  -5.696
291.600  -5.699
291.700  -5.702
291.800  -5.705
291.900  -5.708
292.000  -5.711
292.100  -5.714
292.200  -5.717
292.300  -5.720
292.400  -5.723
292.500  -5.726
292.600  -5.729
292.700  -5.732
292.800  -5.735
292.900  -5.738
293.000  -5.741
293.100  -5.744
293.200  -5.747
293.300  -5.749
293.400  -5.752
293.500  -5.755
293.600  -5.758
293.700  -5.761
293.800  -5.764
293.900  -5.767
294.000  -5.770
294.100  -5.773
294.200  -5.776
294.300  -5.779
294.400  -5.782
294.500  -5.785
294.600  -5.788
294.700  -5.791
294.800  -5.794
294.900  -5.797
295.000  -5.800
295.100  -5.803
295.200  -5.806
295.300  -5.808
295.400  -5.811
295.500  -5.814
295.600  -5.817
295.700  -5.820
295.800  -5.823
295.900  -5.826
296.000  -5.829
296.100  -5.832
296.200  -5.835
296.300  -5.838
296.400  -5.841
296.500  -5.844
296.600  -5.847
296.700  -5.850
296.800  -5.852
296.900  -5.855
297.000  -5.858
297.100  -5.861
297.200  -5.864
297.300  -5.867
297.400  -5.870
297.500  -5.873
297.600  -5.876
297.700  -5.879
297.800  -5.882
297.900  -5.885
298.000  -5.888
298.100  -5.890
298.200  -5.893
298.300  -5.896
298.400  -5.899
298.500  -5.902
298.600  -5.905
298.700  -5.908
298.800  -5.911
298.900  -5.914
299.000  -5.917
299.100  -5.920
299.200  -5.922
299.300  -5.925
299.400  -5.928
299.500  -5.931
299.600  -5.934
299.700  -5.937
299.800  -5.940
299.900  -5.943
300.000  -5.946
300.100  -5.949
300.200  -5.951
300.300  -5.954
300.400  -5.957
300.500  -5.960
300.600  -5.963
300.700  -5.966
300.800  -5.969
300.900  -5.972
301.000  -5.975
301.100  -5.977
301.200  -5.980
301.300  -5.983
301.400  -5.986
301.500  -5.989
301.600  -5.992
301.700  -5.995
301.800  -5.998
301.900  -6.000
302.000  -6.003
302.100  -6.006
302.200  -6.009
302.300  -6.012
302.400  -6.015
302.500  -6.018
302.600  -6.021
302.700  -6.023
302.800  -6.026
302.900  -6.029
303.000  -6.032
303.100  -6.035
303.200  -6.038
303.300  -6.041
303.400  -6.044
303.500  -6.046
303.600  -6.049
303.700  -6.052
303.800  -6.055
303.900  -6.058
304.000  -6.061
304.100  -6.064
304.200  -6.066
304.300  -6.069
304.400  -6.072
304.500  -6.075
304.600  -6.078
304.700  -6.081
304.800  -6.084
304.900  -6.086
305.000  -6.089
305.100  -6.092
305.200  -6.095
305.300  -6.098
305.400  -6.101
305.500  -6.103
305.600  -6.106
305.700  -6.109
305.800  -6.112
305.900  -6.115
306.000  -6.118
306.100  -6.120
306.200  -6.123
306.300  -6.126
306.400  -6.129
306.500  -6.132
306.600  -6.135
306.700  -6.137
306.800  -6.140
306.900  -6.143
307.000  -6.146
307.100  -6.149
307.200  -6.152
307.300  -6.154
307.400  -6.157
307.500  -6.160
307.600  -6.163
307.700  -6.166
307.800  -6.169
307.900  -6.171
308.000  -6.174
308.100  -6.177
308.200  -6.180
308.300  -6.183
308.400  -6.186
308.500  -6.188
308.600  -6.191
308.700  -6.194
308.800  -6.197
308.900  -6.200
309.000  -6.202
309.100  -6.205
309.200  -6.208
309.300  -6.211
309.400  -6.214
309.500  -6.216
309.600  -6.219
309.700  -6.222
309.800  -6.225
309.900  -6.228
310.000  -6.230
310.100  -6.233
310.200  -6.236
310.300  -6.239
310.400  -6.242
310.500  -6.244
310.600  -6.247
310.700  -6.250
310.800  -6.253
310.900  -6.256
311.000  -6.258
311.100  -6.261
311.200  -6.264
311.300  -6.267
311.400  -6.270
311.500  -6.272
311.600  -6.275
311.700  -6.278
311.800  -6.281
311.900  -6.284
312.000  -6.286
312.100  -6.289
312.200  -6.292
312.300  -6.295
312.400  -6.297
312.500  -6.300
312.600  -6.303
312.700  -6.306
312.800  -6.309
312.900  -6.311
313.000  -6.314
313.100  -6.317
313.200  -6.320
313.300  -6.322
