w L
  0.000 -107.744
1000.000 -107.744
2000.000 -107.744
3000.000 -107.744
4000.000 -107.744
5000.000 -107.744
6000.000 -107.744
7000.000 -107.744
8000.000 -107.744
9000.000 -107.744
10000.000 -107.744
11000.000 -107.744
12000.000 -107.744
13000.000 -107.744
14000.000 -107.744
15000.000 -107.744
16000.000 -107.744
17000.000 -107.744
18000.000 -107.744
19000.000 -107.744
20000.000 -107.744
21000.000 -108.168
22000.000 -108.572
23000.000 -108.958
24000.000 -109.328
25000.000 -109.683
26000.000 -110.023
27000.000 -110.351
28000.000 -110.667
29000.000 -110.972
30000.000 -111.266
31000.000 -111.551
32000.000 -111.827
33000.000 -112.094
34000.000 -112.353
35000.000 -112.605
36000.000 -112.850
37000.000 -113.088
38000.000 -113.319
39000.000 -113.545
40000.000 -113.765
41000.000 -113.979
42000.000 -114.189
43000.000 -114.393
44000.000 -114.593
45000.000 -114.788
46000.000 -114.979
47000.000 -115.166
48000.000 -115.349
49000.000 -115.528
50000.000 -115.703
51000.000 -115.875
52000.000 -116.044
53000.000 -116.209
54000.000 -116.372
55000.000 -116.531
56000.000 -116.687
57000.000 -116.841
58000.000 -116.992
59000.000 -117.141
60000.000 -117.287
61000.000 -117.430
62000.000 -117.572
63000.000 -117.711
64000.000 -117.847
65000.000 -117.982
66000.000 -118.115
67000.000 -118.245
68000.000 -118.374
69000.000 -118.501
70000.000 -118.626
71000.000 -118.749
72000.000 -118.870
73000.000 -118.990
74000.000 -119.108
75000.000 -119.225
76000.000 -119.340
77000.000 -119.454
78000.000 -119.566
79000.000 -119.676
80000.000 -119.786
81000.000 -119.893
82000.000 -120.000
83000.000 -120.105
84000.000 -120.209
85000.000 -120.312
86000.000 -120.414
87000.000 -120.514
88000.000 -120.613
89000.000 -120.712
90000.000 -120.809
91000.000 -120.905
92000.000 -120.999
93000.000 -121.093
94000.000 -121.186
95000.000 -121.278
96000.000 -121.369
97000.000 -121.459
98000.000 -121.548
99000.000 -121.636
100000.000 -121.724
101000.000 -121.810
102000.000 -121.896
103000.000 -121.980
104000.000 -122.064
105000.000 -122.148
106000.000 -122.230
107000.000 -122.311
108000.000 -122.392
109000.000 -122.472
110000.000 -122.552
111000.000 -122.630
112000.000 -122.708
113000.000 -122.785
114000.000 -122.862
115000.000 -122.938
116000.000 -123.013
117000.000 -123.087
118000.000 -123.161
119000.000 -123.235
120000.000 -123.307
121000.000 -123.379
122000.000 -123.451
123000.000 -123.522
124000.000 -123.592
125000.000 -123.662
126000.000 -123.731
127000.000 -123.800
128000.000 -123.868
129000.000 -123.936
130000.000 -124.003
131000.000 -124.069
132000.000 -124.135
133000.000 -124.201
134000.000 -124.266
135000.000 -124.330
136000.000 -124.395
137000.000 -124.458
138000.000 -124.521
139000.000 -124.584
140000.000 -124.646
141000.000 -124.708
142000.000 -124.769
143000.000 -124.830
144000.000 -124.891
145000.000 -124.951
146000.000 -125.011
147000.000 -125.070
148000.000 -125.129
149000.000 -125.187
150000.000 -125.246
151000.000 -125.303
152000.000 -125.361
153000.000 -125.418
154000.000 -125.474
155000.000 -125.530
156000.000 -125.586
157000.000 -125.642
158000.000 -125.697
159000.000 -125.752
160000.000 -125.806
161000.000 -125.860
162000.000 -125.914
163000.000 -125.967
164000.000 -126.021
165000.000 -126.073
166000.000 -126.126
167000.000 -126.178
168000.000 -126.230
169000.000 -126.281
170000.000 -126.333
171000.000 -126.384
172000.000 -126.434
173000.000 -126.485
174000.000 -126.535
175000.000 -126.584
176000.000 -126.634
177000.000 -126.683
178000.000 -126.732
179000.000 -126.781
180000.000 -126.829
181000.000 -126.877
182000.000 -126.925
183000.000 -126.973
184000.000 -127.020
185000.000 -127.067
186000.000 -127.114
187000.000 -127.161
188000.000 -127.207
189000.000 -127.253
190000.000 -127.299
191000.000 -127.344
192000.000 -127.390
193000.000 -127.435
194000.000 -127.480
195000.000 -127.524
196000.000 -127.569
197000.000 -127.613
198000.000 -127.657
199000.000 -127.701
200000.000 -127.744
201000.000 -127.788
202000.000 -127.831
203000.000 -127.874
204000.000 -127.916
205000.000 -127.959
206000.000 -128.001
207000.000 -128.043
208000.000 -128.085
209000.000 -128.127
210000.000 -128.168
211000.000 -128.209
212000.000 -128.250
213000.000 -128.291
214000.000 -128.332
215000.000 -128.372
216000.000 -128.413
217000.000 -128.453
218000.000 -128.493
219000.000 -128.533
220000.000 -128.572
221000.000 -128.612
222000.000 -128.651
223000.000 -128.690
224000.000 -128.729
225000.000 -128.767
226000.000 -128.806
227000.000 -128.844
228000.000 -128.882
229000.000 -128.920
230000.000 -128.958
231000.000 -128.996
232000.000 -129.033
233000.000 -129.071
234000.000 -129.108
235000.000 -129.145
236000.000 -129.182
237000.000 -129.219
238000.000 -129.255
239000.000 -129.292
240000.000 -129.328
241000.000 -129.364
242000.000 -129.400
243000.000 -129.436
244000.000 -129.472
245000.000 -129.507
246000.000 -129.542
247000.000 -129.578
248000.000 -129.613
249000.000 -129.648
250000.000 -129.683
251000.000 -129.717
252000.000 -129.752
253000.000 -129.786
254000.000 -129.820
255000.000 -129.855
256000.000 -129.889
257000.000 -129.922
258000.000 -129.956
259000.000 -129.990
260000.000 -130.023
261000.000 -130.057
262000.000 -130.090
263000.000 -130.123
264000.000 -130.156
265000.000 -130.189
266000.000 -130.221
267000.000 -130.254
268000.000 -130.286
269000.000 -130.319
270000.000 -130.351
271000.000 -130.383
272000.000 -130.415
273000.000 -130.447
274000.000 -130.479
275000.000 -130.510
276000.000 -130.542
277000.000 -130.573
278000.000 -130.605
279000.000 -130.636
280000.000 -130.667
281000.000 -130.698
282000.000 -130.729
283000.000 -130.759
284000.000 -130.790
285000.000 -130.821
286000.000 -130.851
287000.000 -130.881
288000.000 -130.912
289000.000 -130.942
290000.000 -130.972
291000.000 -131.002
292000.000 -131.031
293000.000 -131.061
294000.000 -131.091
295000.000 -131.120
296000.000 -131.150
297000.000 -131.179
298000.000 -131.208
299000.000 -131.237
300000.000 -131.266
301000.000 -131.295
302000.000 -131.324
303000.000 -131.353
304000.000 -131.381
305000.000 -131.410
306000.000 -131.438
307000.000 -131.466
308000.000 -131.495
309000.000 -131.523
310000.000 -131.551
311000.000 -131.579
312000.000 -131.607
313000.000 -131.635
314000.000 -131.662
315000.000 -131.690
316000.000 -131.717
317000.000 -131.745
318000.000 -131.772
319000.000 -131.800
320000.000 -131.827
321000.000 -131.854
322000.000 -131.881
323000.000 -131.908
324000.000 -131.935
325000.000 -131.961
326000.000 -131.988
327000.000 -132.015
328000.000 -132.041
329000.000 -132.068
330000.000 -132.094
331000.000 -132.120
332000.000 -132.146
333000.000 -132.173
334000.000 -132.199
335000.000 -132.225
336000.000 -132.251
337000.000 -132.276
338000.000 -132.302
339000.000 -132.328
340000.000 -132.353
341000.000 -132.379
342000.000 -132.404
343000.000 -132.430
344000.000 -132.455
345000.000 -132.480
346000.000 -132.505
347000.000 -132.530
348000.000 -132.555
349000.000 -132.580
350000.000 -132.605
351000.000 -132.630
352000.000 -132.655
353000.000 -132.679
354000.000 -132.704
355000.000 -132.728
356000.000 -132.753
357000.000 -132.777
358000.000 -132.801
359000.000 -132.826
360000.000 -132.850
361000.000 -132.874
362000.000 -132.898
363000.000 -132.922
364000.000 -132.946
365000.000 -132.970
366000.000 -132.993
367000.000 -133.017
368000.000 -133.041
369000.000 -133.064
370000.000 -133.088
371000.000 -133.111
372000.000 -133.135
373000.000 -133.158
374000.000 -133.181
375000.000 -133.204
376000.000 -133.227
377000.000 -133.251
378000.000 -133.274
379000.000 -133.297
380000.000 -133.319
381000.000 -133.342
382000.000 -133.365
383000.000 -133.388
384000.000 -133.410
385000.000 -133.433
386000.000 -133.455
387000.000 -133.478
388000.000 -133.500
389000.000 -133.523
390000.000 -133.545
391000.000 -133.567
392000.000 -133.589
393000.000 -133.612
394000.000 -133.634
395000.000 -133.656
396000.000 -133.678
397000.000 -133.700
398000.000 -133.721
399000.000 -133.743
400000.000 -133.765
401000.000 -133.787
402000.000 -133.808
403000.000 -133.830
404000.000 -133.851
405000.000 -133.873
406000.000 -133.894
407000.000 -133.916
408000.000 -133.937
409000.000 -133.958
410000.000 -133.979
411000.000 -134.001
412000.000 -134.022
413000.000 -134.043
414000.000 -134.064
415000.000 -134.085
416000.000 -134.106
417000.000 -134.126
418000.000 -134.147
419000.000 -134.168
420000.000 -134.189
421000.000 -134.209
422000.000 -134.230
423000.000 -134.251
424000.000 -134.271
425000.000 -134.292
426000.000 -134.312
427000.000 -134.332
428000.000 -134.353
429000.000 -134.373
430000.000 -134.393
431000.000 -134.413
432000.000 -134.433
433000.000 -134.453
434000.000 -134.474
435000.000 -134.494
436000.000 -134.513
437000.000 -134.533
438000.000 -134.553
439000.000 -134.573
440000.000 -134.593
441000.000 -134.612
442000.000 -134.632
443000.000 -134.652
444000.000 -134.671
445000.000 -134.691
446000.000 -134.710
447000.000 -134.730
448000.000 -134.749
449000.000 -134.769
450000.000 -134.788
451000.000 -134.807
452000.000 -134.826
453000.000 -134.846
454000.000 -134.865
455000.000 -134.884
456000.000 -134.903
457000.000 -134.922
458000.000 -134.941
459000.000 -134.960
460000.000 -134.979
461000.000 -134.998
462000.000 -135.017
463000.000 -135.035
464000.000 -135.054
465000.000 -135.073
466000.000 -135.091
467000.000 -135.110
468000.000 -135.129
469000.000 -135.147
470000.000 -135.166
471000.000 -135.184
472000.000 -135.203
473000.000 -135.221
474000.000 -135.239
475000.000 -135.258
476000.000 -135.276
477000.000 -135.294
478000.000 -135.312
479000.000 -135.330
480000.000 -135.349
481000.000 -135.367
482000.000 -135.385
483000.000 -135.403
484000.000 -135.421
485000.000 -135.439
486000.000 -135.456
487000.000 -135.474
488000.000 -135.492
489000.000 -135.510
490000.000 -135.528
491000.000 -135.545
492000.000 -135.563
493000.000 -135.581
494000.000 -135.598
495000.000 -135.616
496000.000 -135.633
497000.000 -135.651
498000.000 -135.668
499000.000 -135.686
500000.000 -135.703
501000.000 -135.720
502000.000 -135.738
503000.000 -135.755
504000.000 -135.772
505000.000 -135.790
506000.000 -135.807
507000.000 -135.824
508000.000 -135.841
509000.000 -135.858
510000.000 -135.875
511000.000 -135.892
512000.000 -135.909
513000.000 -135.926
514000.000 -135.943
515000.000 -135.960
516000.000 -135.977
517000.000 -135.994
518000.000 -136.010
519000.000 -136.027
520000.000 -136.044
521000.000 -136.060
522000.000 -136.077
523000.000 -136.094
524000.000 -136.110
525000.000 -136.127
526000.000 -136.143
527000.000 -136.160
528000.000 -136.176
529000.000 -136.193
530000.000 -136.209
531000.000 -136.226
532000.000 -136.242
533000.000 -136.258
534000.000 -136.275
535000.000 -136.291
536000.000 -136.307
537000.000 -136.323
538000.000 -136.339
539000.000 -136.355
540000.000 -136.372
541000.000 -136.388
542000.000 -136.404
543000.000 -136.420
544000.000 -136.436
545000.000 -136.452
546000.000 -136.468
547000.000 -136.483
548000.000 -136.499
549000.000 -136.515
550000.000 -136.531
551000.000 -136.547
552000.000 -136.563
553000.000 -136.578
554000.000 -136.594
555000.000 -136.610
556000.000 -136.625
557000.000 -136.641
558000.000 -136.656
559000.000 -136.672
560000.000 -136.687
561000.000 -136.703
562000.000 -136.718
563000.000 -136.734
564000.000 -136.749
565000.000 -136.765
566000.000 -136.780
567000.000 -136.795
568000.000 -136.811
569000.000 -136.826
570000.000 -136.841
571000.000 -136.856
572000.000 -136.872
573000.000 -136.887
574000.000 -136.902
575000.000 -136.917
576000.000 -136.932
577000.000 -136.947
578000.000 -136.962
579000.000 -136.977
580000.000 -136.992
581000.000 -137.007
582000.000 -137.022
583000.000 -137.037
584000.000 -137.052
585000.000 -137.067
586000.000 -137.082
587000.000 -137.096
588000.000 -137.111
589000.000 -137.126
590000.000 -137.141
591000.000 -137.155
592000.000 -137.170
593000.000 -137.185
594000.000 -137.199
595000.000 -137.214
596000.000 -137.229
597000.000 -137.243
598000.000 -137.258
599000.000 -137.272
600000.000 -137.287
601000.000 -137.301
602000.000 -137.316
603000.000 -137.330
604000.000 -137.344
605000.000 -137.359
606000.000 -137.373
607000.000 -137.387
608000.000 -137.402
609000.000 -137.416
610000.000 -137.430
611000.000 -137.445
612000.000 -137.459
613000.000 -137.473
614000.000 -137.487
615000.000 -137.501
616000.000 -137.515
617000.000 -137.529
618000.000 -137.543
619000.000 -137.558
620000.000 -137.572
621000.000 -137.586
622000.000 -137.600
623000.000 -137.613
624000.000 -137.627
625000.000 -137.641
626000.000 -137.655
627000.000 -137.669
628000.000 -137.683
629000.000 -137.697
630000.000 -137.711
631000.000 -137.724
632000.000 -137.738
633000.000 -137.752
634000.000 -137.766
635000.000 -137.779
636000.000 -137.793
637000.000 -137.807
638000.000 -137.820
639000.000 -137.834
640000.000 -137.847
641000.000 -137.861
642000.000 -137.874
643000.000 -137.888
644000.000 -137.901
645000.000 -137.915
646000.000 -137.928
647000.000 -137.942
648000.000 -137.955
649000.000 -137.969
650000.000 -137.982
651000.000 -137.995
652000.000 -138.009
653000.000 -138.022
654000.000 -138.035
655000.000 -138.049
656000.000 -138.062
657000.000 -138.075
658000.000 -138.088
659000.000 -138.101
660000.000 -138.115
661000.000 -138.128
662000.000 -138.141
663000.000 -138.154
664000.000 -138.167
665000.000 -138.180
666000.000 -138.193
667000.000 -138.206
668000.000 -138.219
669000.000 -138.232
670000.000 -138.245
671000.000 -138.258
672000.000 -138.271
673000.000 -138.284
674000.000 -138.297
675000.000 -138.310
676000.000 -138.323
677000.000 -138.335
678000.000 -138.348
679000.000 -138.361
680000.000 -138.374
681000.000 -138.387
682000.000 -138.399
683000.000 -138.412
684000.000 -138.425
685000.000 -138.438
686000.000 -138.450
687000.000 -138.463
688000.000 -138.475
689000.000 -138.488
690000.000 -138.501
691000.000 -138.513
692000.000 -138.526
693000.000 -138.538
694000.000 -138.551
695000.000 -138.563
696000.000 -138.576
697000.000 -138.588
698000.000 -138.601
699000.000 -138.613
700000.000 -138.626
701000.000 -138.638
702000.000 -138.650
703000.000 -138.663
704000.000 -138.675
705000.000 -138.688
706000.000 -138.700
707000.000 -138.712
708000.000 -138.724
709000.000 -138.737
710000.000 -138.749
711000.000 -138.761
712000.000 -138.773
713000.000 -138.786
714000.000 -138.798
715000.000 -138.810
716000.000 -138.822
717000.000 -138.834
718000.000 -138.846
719000.000 -138.858
720000.000 -138.870
721000.000 -138.882
722000.000 -138.894
723000.000 -138.906
724000.000 -138.918
725000.000 -138.930
726000.000 -138.942
727000.000 -138.954
728000.000 -138.966
729000.000 -138.978
730000.000 -138.990
731000.000 -139.002
732000.000 -139.014
733000.000 -139.026
734000.000 -139.038
735000.000 -139.049
736000.000 -139.061
737000.000 -139.073
738000.000 -139.085
739000.000 -139.097
740000.000 -139.108
741000.000 -139.120
742000.000 -139.132
743000.000 -139.143
744000.000 -139.155
745000.000 -139.167
746000.000 -139.178
747000.000 -139.190
748000.000 -139.202
749000.000 -139.213
750000.000 -139.225
751000.000 -139.237
752000.000 -139.248
753000.000 -139.260
754000.000 -139.271
755000.000 -139.283
756000.000 -139.294
757000.000 -139.306
758000.000 -139.317
759000.000 -139.329
760000.000 -139.340
761000.000 -139.351
762000.000 -139.363
763000.000 -139.374
764000.000 -139.386
765000.000 -139.397
766000.000 -139.408
767000.000 -139.420
768000.000 -139.431
769000.000 -139.442
770000.000 -139.454
771000.000 -139.465
772000.000 -139.476
773000.000 -139.487
774000.000 -139.499
775000.000 -139.510
776000.000 -139.521
777000.000 -139.532
778000.000 -139.543
779000.000 -139.554
780000.000 -139.566
781000.000 -139.577
782000.000 -139.588
783000.000 -139.599
784000.000 -139.610
785000.000 -139.621
786000.000 -139.632
787000.000 -139.643
788000.000 -139.654
789000.000 -139.665
790000.000 -139.676
791000.000 -139.687
792000.000 -139.698
793000.000 -139.709
794000.000 -139.720
795000.000 -139.731
796000.000 -139.742
797000.000 -139.753
798000.000 -139.764
799000.000 -139.775
800000.000 -139.786
801000.000 -139.796
802000.000 -139.807
803000.000 -139.818
804000.000 -139.829
805000.000 -139.840
806000.000 -139.850
807000.000 -139.861
808000.000 -139.872
809000.000 -139.883
810000.000 -139.893
811000.000 -139.904
812000.000 -139.915
813000.000 -139.926
814000.000 -139.936
815000.000 -139.947
816000.000 -139.958
817000.000 -139.968
818000.000 -139.979
819000.000 -139.989
820000.000 -140.000
821000.000 -140.011
822000.000 -140.021
823000.000 -140.032
824000.000 -140.042
825000.000 -140.053
826000.000 -140.063
827000.000 -140.074
828000.000 -140.084
829000.000 -140.095
830000.000 -140.105
831000.000 -140.116
832000.000 -140.126
833000.000 -140.137
834000.000 -140.147
835000.000 -140.157
836000.000 -140.168
837000.000 -140.178
838000.000 -140.189
839000.000 -140.199
840000.000 -140.209
841000.000 -140.220
842000.000 -140.230
843000.000 -140.240
844000.000 -140.251
845000.000 -140.261
846000.000 -140.271
847000.000 -140.281
848000.000 -140.292
849000.000 -140.302
850000.000 -140.312
851000.000 -140.322
852000.000 -140.333
853000.000 -140.343
854000.000 -140.353
855000.000 -140.363
856000.000 -140.373
857000.000 -140.383
858000.000 -140.393
859000.000 -140.404
860000.000 -140.414
861000.000 -140.424
862000.000 -140.434
863000.000 -140.444
864000.000 -140.454
865000.000 -140.464
866000.000 -140.474
867000.000 -140.484
868000.000 -140.494
869000.000 -140.504
870000.000 -140.514
871000.000 -140.524
872000.000 -140.534
873000.000 -140.544
874000.000 -140.554
875000.000 -140.564
876000.000 -140.574
877000.000 -140.584
878000.000 -140.594
879000.000 -140.604
880000.000 -140.613
881000.000 -140.623
882000.000 -140.633
883000.000 -140.643
884000.000 -140.653
885000.000 -140.663
886000.000 -140.672
887000.000 -140.682
888000.000 -140.692
889000.000 -140.702
890000.000 -140.712
891000.000 -140.721
892000.000 -140.731
893000.000 -140.741
894000.000 -140.750
895000.000 -140.760
896000.000 -140.770
897000.000 -140.780
898000.000 -140.789
899000.000 -140.799
900000.000 -140.809
901000.000 -140.818
902000.000 -140.828
903000.000 -140.837
904000.000 -140.847
905000.000 -140.857
906000.000 -140.866
907000.000 -140.876
908000.000 -140.885
909000.000 -140.895
910000.000 -140.905
911000.000 -140.914
912000.000 -140.924
913000.000 -140.933
914000.000 -140.943
915000.000 -140.952
916000.000 -140.962
917000.000 -140.971
918000.000 -140.981
919000.000 -140.990
920000.000 -140.999
921000.000 -141.009
922000.000 -141.018
923000.000 -141.028
924000.000 -141.037
925000.000 -141.047
926000.000 -141.056
927000.000 -141.065
928000.000 -141.075
929000.000 -141.084
930000.000 -141.093
931000.000 -141.103
932000.000 -141.112
933000.000 -141.121
934000.000 -141.131
935000.000 -141.140
936000.000 -141.149
937000.000 -141.159
938000.000 -141.168
939000.000 -141.177
940000.000 -141.186
941000.000 -141.196
942000.000 -141.205
943000.000 -141.214
944000.000 -141.223
945000.000 -141.232
946000.000 -141.242
947000.000 -141.251
948000.000 -141.260
949000.000 -141.269
950000.000 -141.278
951000.000 -141.287
952000.000 -141.296
953000.000 -141.306
954000.000 -141.315
955000.000 -141.324
956000.000 -141.333
957000.000 -141.342
958000.000 -141.351
959000.000 -141.360
960000.000 -141.369
961000.000 -141.378
962000.000 -141.387
963000.000 -141.396
964000.000 -141.405
965000.000 -141.414
966000.000 -141.423
967000.000 -141.432
968000.000 -141.441
969000.000 -141.450
970000.000 -141.459
971000.000 -141.468
972000.000 -141.477
973000.000 -141.486
974000.000 -141.495
975000.000 -141.504
976000.000 -141.513
977000.000 -141.522
978000.000 -141.531
979000.000 -141.539
980000.000 -141.548
981000.000 -141.557
982000.000 -141.566
983000.000 -141.575
984000.000 -141.584
985000.000 -141.592
986000.000 -141.601
987000.000 -141.610
988000.000 -141.619
989000.000 -141.628
990000.000 -141.636
991000.000 -141.645
992000.000 -141.654
993000.000 -141.663
994000.000 -141.671
995000.000 -141.680
996000.000 -141.689
997000.000 -141.698
998000.000 -141.706
999000.000 -141.715
