w L
  0.500  29.542
  0.600  27.959
  0.700  26.620
  0.800  25.460
  0.900  24.437
  1.000  23.522
  1.100  22.694
  1.200  21.938
  1.300  21.243
  1.400  20.599
  1.500  20.000
  1.600  19.439
  1.700  18.913
  1.800  18.416
  1.900  17.947
  2.000  17.501
  2.100  17.077
  2.200  16.673
  2.300  16.287
  2.400  15.918
  2.500  15.563
  2.600  15.222
  2.700  14.895
  2.800  14.579
  2.900  14.274
  3.000  13.979
  3.100  13.695
  3.200  13.419
  3.300  13.152
  3.400  12.892
  3.500  12.640
  3.600  12.396
  3.700  12.158
  3.800  11.926
  3.900  11.701
  4.000  11.481
  4.100  11.266
  4.200  11.057
  4.300  10.852
  4.400  10.653
  4.500  10.458
  4.600  10.267
  4.700  10.080
  4.800   9.897
  4.900   9.718
  5.000   9.542
  5.100   9.198
  5.200   8.861
  5.300   8.530
  5.400   8.205
  5.500   7.887
  5.600   7.574
  5.700   7.266
  5.800   6.964
  5.900   6.667
  6.000   6.375
  6.100   6.088
  6.200   5.806
  6.300   5.528
  6.400   5.254
  6.500   4.985
  6.600   4.719
  6.700   4.458
  6.800   4.201
  6.900   3.947
  7.000   3.697
  7.100   3.451
  7.200   3.208
  7.300   2.968
  7.400   2.732
  7.500   2.499
  7.600   2.269
  7.700   2.042
  7.800   1.817
  7.900   1.596
  8.000   1.378
  8.100   1.162
  8.200   0.949
  8.300   0.738
  8.400   0.530
  8.500   0.324
  8.600   0.121
  8.700  -0.080
  8.800  -0.278
  8.900  -0.474
  9.000  -0.668
  9.100  -0.860
  9.200  -1.050
  9.300  -1.238
  9.400  -1.424
  9.500  -1.608
  9.600  -1.790
  9.700  -1.970
  9.800  -2.148
  9.900  -2.324
 10.000  -2.499
 10.100  -2.672
 10.200  -2.843
 10.300  -3.012
 10.400  -3.180
 10.500  -3.346
 10.600  -3.511
 10.700  -3.674
 10.800  -3.836
 10.900  -3.996
 11.000  -4.154
 11.100  -4.312
 11.200  -4.467
 11.300  -4.622
 11.400  -4.775
 11.500  -4.927
 11.600  -5.077
 11.700  -5.226
 11.800  -5.374
 11.900  -5.521
 12.000  -5.666
 12.100  -5.810
 12.200  -5.953
 12.300  -6.095
 12.400  -6.236
 12.500  -6.375
 12.600  -6.514
 12.700  -6.651
 12.800  -6.787
 12.900  -6.922
 13.000  -7.057
 13.100  -7.190
 13.200  -7.322
 13.300  -7.453
 13.400  -7.583
 13.500  -7.712
 13.600  -7.840
 13.700  -7.968
 13.800  -8.094
 13.900  -8.219
 14.000  -8.344
 14.100  -8.468
 14.200  -8.590
 14.300  -8.712
 14.400  -8.833
 14.500  -8.953
 14.600  -9.073
 14.700  -9.191
 14.800  -9.309
 14.900  -9.426
 15.000  -9.542
 15.100  -9.658
 15.200  -9.773
 15.300  -9.886
 15.400 -10.000
 15.500 -10.112
 15.600 -10.224
 15.700 -10.335
 15.800 -10.445
 15.900 -10.555
 16.000 -10.664
 16.100 -10.772
 16.200 -10.879
 16.300 -10.986
 16.400 -11.093
 16.500 -11.198
 16.600 -11.303
 16.700 -11.407
 16.800 -11.511
 16.900 -11.614
 17.000 -11.717
 17.100 -11.819
 17.200 -11.920
 17.300 -12.021
 17.400 -12.121
 17.500 -12.220
 17.600 -12.319
 17.700 -12.418
 17.800 -12.516
 17.900 -12.613
 18.000 -12.710
 18.100 -12.806
 18.200 -12.902
 18.300 -12.997
 18.400 -13.091
 18.500 -13.186
 18.600 -13.279
 18.700 -13.372
 18.800 -13.465
 18.900 -13.557
 19.000 -13.649
 19.100 -13.740
 19.200 -13.831
 19.300 -13.921
 19.400 -14.011
 19.500 -14.100
 19.600 -14.189
 19.700 -14.277
 19.800 -14.365
 19.900 -14.453
 20.000 -14.540
 20.100 -14.627
 20.200 -14.713
 20.300 -14.799
 20.400 -14.884
 20.500 -14.969
 20.600 -15.053
 20.700 -15.138
 20.800 -15.221
 20.900 -15.305
 21.000 -15.388
 21.100 -15.470
 21.200 -15.552
 21.300 -15.634
 21.400 -15.715
 21.500 -15.796
 21.600 -15.877
 21.700 -15.957
 21.800 -16.037
 21.900 -16.117
 22.000 -16.196
 22.100 -16.274
 22.200 -16.353
 22.300 -16.431
 22.400 -16.509
 22.500 -16.586
 22.600 -16.663
 22.700 -16.740
 22.800 -16.816
 22.900 -16.892
 23.000 -16.968
 23.100 -17.043
 23.200 -17.118
 23.300 -17.193
 23.400 -17.267
 23.500 -17.341
 23.600 -17.415
 23.700 -17.489
 23.800 -17.562
 23.900 -17.635
 24.000 -17.707
 24.100 -17.779
 24.200 -17.851
 24.300 -17.923
 24.400 -17.994
 24.500 -18.065
 24.600 -18.136
 24.700 -18.207
 24.800 -18.277
 24.900 -18.347
 25.000 -18.416
 25.100 -18.486
 25.200 -18.555
 25.300 -18.624
 25.400 -18.692
 25.500 -18.760
 25.600 -18.828
 25.700 -18.896
 25.800 -18.964
 25.900 -19.031
 26.000 -19.098
 26.100 -19.164
 26.200 -19.231
 26.300 -19.297
 26.400 -19.363
 26.500 -19.429
 26.600 -19.494
 26.700 -19.559
 26.800 -19.624
 26.900 -19.689
 27.000 -19.753
 27.100 -19.818
 27.200 -19.882
 27.300 -19.945
 27.400 -20.009
 27.500 -20.072
 27.600 -20.135
 27.700 -20.198
 27.800 -20.261
 27.900 -20.323
 28.000 -20.385
 28.100 -20.447
 28.200 -20.509
 28.300 -20.570
 28.400 -20.632
 28.500 -20.693
 28.600 -20.753
 28.700 -20.814
 28.800 -20.874
 28.900 -20.935
 29.000 -20.995
 29.100 -21.054
 29.200 -21.114
 29.300 -21.173
 29.400 -21.233
 29.500 -21.292
 29.600 -21.350
 29.700 -21.409
 29.800 -21.467
 29.900 -21.526
 30.000 -21.584
 30.100 -21.641
 30.200 -21.699
 30.300 -21.756
 30.400 -21.814
 30.500 -21.871
 30.600 -21.928
 30.700 -21.984
 30.800 -22.041
 30.900 -22.097
 31.000 -22.153
 31.100 -22.209
 31.200 -22.265
 31.300 -22.321
 31.400 -22.376
 31.500 -22.431
 31.600 -22.486
 31.700 -22.541
 31.800 -22.596
 31.900 -22.650
 32.000 -22.705
 32.100 -22.759
 32.200 -22.813
 32.300 -22.867
 32.400 -22.921
 32.500 -22.974
 32.600 -23.027
 32.700 -23.081
 32.800 -23.134
 32.900 -23.187
 33.000 -23.239
 33.100 -23.292
 33.200 -23.344
 33.300 -23.397
 33.400 -23.449
 33.500 -23.501
 33.600 -23.552
 33.700 -23.604
 33.800 -23.655
 33.900 -23.707
 34.000 -23.758
 34.100 -23.809
 34.200 -23.860
 34.300 -23.911
 34.400 -23.961
 34.500 -24.012
 34.600 -24.062
 34.700 -24.112
 34.800 -24.162
 34.900 -24.212
 35.000 -24.261
 35.100 -24.311
 35.200 -24.360
 35.300 -24.410
 35.400 -24.459
 35.500 -24.508
 35.600 -24.557
 35.700 -24.606
 35.800 -24.654
 35.900 -24.703
 36.000 -24.751
 36.100 -24.799
 36.200 -24.847
 36.300 -24.895
 36.400 -24.943
 36.500 -24.990
 36.600 -25.038
 36.700 -25.085
 36.800 -25.133
 36.900 -25.180
 37.000 -25.227
 37.100 -25.274
 37.200 -25.320
 37.300 -25.367
 37.400 -25.414
 37.500 -25.460
 37.600 -25.506
 37.700 -25.552
 37.800 -25.598
 37.900 -25.644
 38.000 -25.690
 38.100 -25.736
 38.200 -25.781
 38.300 -25.827
 38.400 -25.872
 38.500 -25.917
 38.600 -25.962
 38.700 -26.007
 38.800 -26.052
 38.900 -26.097
 39.000 -26.141
 39.100 -26.186
 39.200 -26.230
 39.300 -26.274
 39.400 -26.319
 39.500 -26.363
 39.600 -26.407
 39.700 -26.450
 39.800 -26.494
 39.900 -26.538
 40.000 -26.581
 40.100 -26.625
 40.200 -26.668
 40.300 -26.711
 40.400 -26.754
 40.500 -26.797
 40.600 -26.840
 40.700 -26.883
 40.800 -26.925
 40.900 -26.968
 41.000 -27.010
 41.100 -27.052
 41.200 -27.095
 41.300 -27.137
 41.400 -27.179
 41.500 -27.221
 41.600 -27.263
 41.700 -27.304
 41.800 -27.346
 41.900 -27.387
 42.000 -27.429
 42.100 -27.470
 42.200 -27.511
 42.300 -27.552
 42.400 -27.593
 42.500 -27.634
 42.600 -27.675
 42.700 -27.716
 42.800 -27.757
 42.900 -27.797
 43.000 -27.838
 43.100 -27.878
 43.200 -27.918
 43.300 -27.958
 43.400 -27.998
 43.500 -28.038
 43.600 -28.078
 43.700 -28.118
 43.800 -28.158
 43.900 -28.197
 44.000 -28.237
 44.100 -28.276
 44.200 -28.316
 44.300 -28.355
 44.400 -28.394
 44.500 -28.433
 44.600 -28.472
 44.700 -28.511
 44.800 -28.550
 44.900 -28.589
 45.000 -28.627
 45.100 -28.666
 45.200 -28.704
 45.300 -28.743
 45.400 -28.781
 45.500 -28.819
 45.600 -28.857
 45.700 -28.895
 45.800 -28.933
 45.900 -28.971
 46.000 -29.009
 46.100 -29.047
 46.200 -29.084
 46.300 -29.122
 46.400 -29.159
 46.500 -29.197
 46.600 -29.234
 46.700 -29.271
 46.800 -29.309
 46.900 -29.346
 47.000 -29.383
 47.100 -29.420
 47.200 -29.456
 47.300 -29.493
 47.400 -29.530
 47.500 -29.567
 47.600 -29.603
 47.700 -29.640
 47.800 -29.676
 47.900 -29.712
 48.000 -29.748
 48.100 -29.785
 48.200 -29.821
 48.300 -29.857
 48.400 -29.893
 48.500 -29.928
 48.600 -29.964
 48.700 -30.000
 48.800 -30.036
 48.900 -30.071
 49.000 -30.107
 49.100 -30.142
 49.200 -30.177
 49.300 -30.213
 49.400 -30.248
 49.500 -30.283
 49.600 -30.318
 49.700 -30.353
 49.800 -30.388
 49.900 -30.423
